1.000000000000000048e-04 0.000000000000000000e+00
6.160000000000001030e-01 1.839999999999999969e-01
6.190627401843219468e-01 1.870921281931504088e-01
6.281030707237825750e-01 1.965770071619211967e-01
6.428224197146427121e-01 2.132841569443812701e-01
6.626872913649318741e-01 2.388002343249363835e-01
6.866567019528840854e-01 2.755922590005220330e-01
7.127762555521308663e-01 3.270926856773668234e-01
7.377134827457469957e-01 3.975163276766362497e-01
7.565482942454947457e-01 4.909388052363466981e-01
7.635167148893701183e-01 6.090239512392848775e-01
7.544202564476565342e-01 7.475534900838963770e-01
7.298134149239476898e-01 8.946228934722726400e-01
6.953030485334582567e-01 1.035416680876848794e+00
6.571882035143553624e-01 1.161432391508951500e+00
6.191177002860438483e-01 1.271857904144513274e+00
5.830633157460857197e-01 1.367582777583645104e+00
5.498761003645078471e-01 1.450300871710046069e+00
5.199287994575004790e-01 1.521520417424835792e+00
4.931430882120655945e-01 1.582972335358947991e+00
4.695566927395020684e-01 1.635585514464247492e+00
4.485783142394668133e-01 1.681344135765701964e+00
4.309344107728584339e-01 1.719148246809606650e+00
4.138320952105865591e-01 1.755247490742333438e+00
4.046081672885712965e-01 1.774508826882207790e+00
3.793313261042796092e-01 1.826596048103370062e+00
4.162176458821983394e-01 1.750242746497151725e+00
2.321833909129141227e-01 2.113556340271792511e+00
7.119480401163701400e-01 9.722398128363042291e-01
-2.286823630403763019e+00 5.852346408222324214e+00
1.040285221144097605e+01 -1.861731962464362766e+01
-5.078843009309787703e+03 5.121046204997809582e+03
5.231885236717130737e+11 -5.231885439775002441e+11
-5.713777050271154693e+35 5.713777050271154693e+35
7.322308555087949525e+107 -7.322308555087949525e+107
-inf inf
inf -inf
-inf inf
inf -inf
-inf inf
inf -inf
-inf inf
inf -inf
-inf inf
inf -inf
-inf inf
inf -inf
-inf inf
inf -inf
-inf inf
inf -inf
-inf inf
inf -inf
-inf inf
inf -inf
-inf inf
inf -inf
-inf inf
inf -inf
-inf inf
inf -inf
-inf inf
inf -inf
-inf inf
inf -inf
-inf inf
inf -inf
-inf inf
inf -inf
-inf inf
inf -inf
-inf inf
inf -inf
-inf inf
inf -inf
-inf inf
inf -inf
-inf inf
inf -inf
-inf inf
inf -inf
-inf inf
inf -inf
-inf inf
inf -inf
-inf inf
inf -inf
-inf inf
inf -inf
-inf inf
inf -inf
-inf inf
inf -inf
-inf inf
inf -inf
-inf inf
inf -inf
-inf inf
inf -inf
-inf inf
inf -inf
-inf inf
inf -inf
-inf inf
inf -inf
-inf inf
inf -inf
-inf inf
inf -inf
-inf inf
inf -inf
-inf inf
inf -inf
-inf inf
inf -inf
-inf inf
inf -inf
-inf inf
inf -inf
-inf inf
inf -inf
-inf inf
inf -inf
-inf inf
inf -inf
-inf inf
inf -inf
-inf inf
inf -inf
-inf inf
inf -inf
-inf inf
inf -inf
-inf inf
inf -inf
-inf inf
inf -inf
-inf inf
inf -inf
-inf inf
inf -inf
-inf inf
inf -inf
-inf inf
inf -inf
-inf inf
inf -inf
-inf inf
inf -inf
-inf inf
inf -inf
-inf inf
inf -inf
-inf inf
inf -inf
-inf inf
inf -inf
-inf inf
inf -inf
-inf inf
inf -inf
-inf inf
inf -inf
-inf inf
inf -inf
-inf inf
inf -inf
-inf inf
inf -inf
-inf inf
inf -inf
-inf inf
inf -inf
-inf inf
inf -inf
-inf inf
inf -inf
-inf inf
inf -inf
-inf inf
inf -inf
-inf inf
inf -inf
-inf inf
inf -inf
-inf inf
inf -inf
-inf inf
inf -inf
-inf inf
inf -inf
-inf inf
inf -inf
-inf inf
inf -inf
-inf inf
inf -inf
-inf inf
inf -inf
-inf inf
inf -inf
