3.916248942999627815e-03 0.000000000000000000e+00 1.000000000000000056e-01 0.000000000000000000e+00
1.474277700436175120e-01 9.995833854135666163e-02 9.987502603949663382e-02 -2.498958463533916996e-04
1.815838050340802812e-01 1.996668332936563095e-01 9.950041652780258761e-02 -4.991670832341408388e-04
1.978560717512358735e-01 2.988762649471984889e-01 9.887710779360422975e-02 -7.471906623679963957e-04
3.715216205869384947e-01 3.973386615901224328e-01 9.800665778412416540e-02 -9.933466539753061861e-04
5.171342597238105521e-01 4.948079185090458743e-01 9.689124217106448445e-02 -1.237019796272614911e-03
5.137546615650008253e-01 5.910404133226792034e-01 9.553364891256060920e-02 -1.477601033306698373e-03
7.279501067875817633e-01 6.857956149109027955e-01 9.393727128473788879e-02 -1.714489037277257266e-03
8.380826052152906547e-01 7.788366846173010449e-01 9.210609940028852138e-02 -1.947091711543252890e-03
8.328687158938357094e-01 8.699310682224604685e-01 9.004471023526769424e-02 -2.174827670556151674e-03
9.864930981072551619e-01 9.588510772084060108e-01 8.775825618903727865e-02 -2.397127693021015339e-03
1.027269863947315232e+00 1.045374457861318440e+00 8.525245220595056850e-02 -2.613436144653296517e-03
1.130922220652611498e+00 1.129284946790070965e+00 8.253356149096782723e-02 -2.823212366975177967e-03
1.156578171841270430e+00 1.210372811472079091e+00 7.960837985490559765e-02 -3.025932028680198248e-03
1.259107871000145762e+00 1.288435374475382256e+00 7.648421872844884950e-02 -3.221088436188456437e-03
1.336917273239135451e+00 1.363277520046668245e+00 7.316888688738208690e-02 -3.408193800116671168e-03
1.470648935202485408e+00 1.434712181799045583e+00 6.967067093471654426e-02 -3.586780454497614807e-03
1.417813457224458062e+00 1.502560810280585413e+00 6.599831458849821086e-02 -3.756402025701464226e-03
1.565855784412789387e+00 1.566653819254966828e+00 6.216099682706643925e-02 -3.916634548137417834e-03
1.584972483191453563e+00 1.626831009578747489e+00 5.816830894638835153e-02 -4.067077523946869937e-03
1.670588182068318384e+00 1.682941969615793010e+00 5.403023058681397789e-02 -4.207354924039483773e-03
1.712397469306106146e+00 1.734846451188033933e+00 4.975710478917269586e-02 -4.337116127970085284e-03
1.829330420896866816e+00 1.782414720122870833e+00 4.535961214255773699e-02 -4.456036800307178192e-03
1.811324015890991568e+00 1.825527880521042201e+00 4.084874408841571852e-02 -4.563819701302606474e-03
1.917652059170762424e+00 1.864078171934452799e+00 3.623577544766733854e-02 -4.660195429836132622e-03
1.897985298026932721e+00 1.897969238711172402e+00 3.153223623952686877e-02 -4.744923096777931872e-03
1.887576256932205432e+00 1.927116370834385917e+00 2.674988286245873551e-02 -4.817790927085965902e-03
1.992975000328762292e+00 1.951446715653318176e+00 2.190066870930415174e-02 -4.878616789133296584e-03
1.949509244928093077e+00 1.970899459976920509e+00 1.699671429002408071e-02 -4.927248649942302626e-03
1.943808133370338531e+00 1.985425982075176954e+00 1.205027693673664003e-02 -4.963564955187943668e-03
1.833470394391174985e+00 1.994989973208108891e+00 7.073720166770290640e-03 -4.987474933020273442e-03
1.932452346376921648e+00 1.999567528378713988e+00 2.079482780309242686e-03 -4.998918820946786010e-03
2.004880516864905982e+00 1.999147206083010220e+00 -2.919952230128881627e-03 -4.997868015207526139e-03
1.961740156270913138e+00 1.993730056907837778e+00 -7.912088880673408611e-03 -4.984325142269595797e-03
1.998916948983019193e+00 1.983329620904937141e+00 -1.288444942955248654e-02 -4.958324052262343823e-03
1.966652928717667059e+00 1.967971893747873846e+00 -1.782460556494920925e-02 -4.919929734369685691e-03
1.890506393025836118e+00 1.947695261756390295e+00 -2.272020946930871158e-02 -4.869238154390976257e-03
1.883530606085741077e+00 1.922550405950599783e+00 -2.755902468245129480e-02 -4.806376014876500430e-03
1.901342160565240968e+00 1.892600175374828941e+00 -3.232895668635035746e-02 -4.731500438437073568e-03
1.879565089989612803e+00 1.857919430007738404e+00 -3.701808313512871401e-02 -4.644798575019346704e-03
1.843875455357043558e+00 1.818594853651363419e+00 -4.161468365471424069e-02 -4.546487134128408998e-03
1.780838803536168635e+00 1.774724737266750507e+00 -4.610726913767131813e-02 -4.436811843166877170e-03
1.685282231953421972e+00 1.726418733297747421e+00 -5.048461045998575702e-02 -4.316046833244369801e-03
1.666548283470689507e+00 1.673797581596995432e+00 -5.473576654802710106e-02 -4.184493953992489239e-03
1.683653052055654520e+00 1.616992807639180185e+00 -5.885011172553458736e-02 -4.042482019097951539e-03
1.571542767775206961e+00 1.556146393775842407e+00 -6.281736227227391334e-02 -3.890365984439606885e-03
1.542887997573291425e+00 1.491410424353440067e+00 -6.662760212798245207e-02 -3.728526060883600914e-03
1.353420813098957343e+00 1.422946705581688676e+00 -7.027130767735538519e-02 -3.557366763954222539e-03
1.360439466906645301e+00 1.350926361102301243e+00 -7.373937155412457756e-02 -3.377315902755753923e-03
1.352224498935348240e+00 1.275529404269007294e+00 -7.702312540473074676e-02 -3.188823510672518947e-03
1.160146914547958374e+00 1.196944288207912876e+00 -8.011436155469336962e-02 -2.992360720519782625e-03
1.089182286533713295e+00 1.115367434782833289e+00 -8.300535352352224339e-02 -2.788418586957083604e-03
1.053689990067419924e+00 1.031002743642928321e+00 -8.568887533689473202e-02 -2.577506859107321115e-03
9.863466775549500909e-01 9.440610825797645100e-01 -8.815821958782861512e-02 -2.360152706449411900e-03
7.994243990320426541e-01 8.547597604676595573e-01 -9.040721420170612366e-02 -2.136899401169149379e-03
7.867537016918074722e-01 7.633219841046634535e-01 -9.243023786324636171e-02 -1.908304960261659024e-03
6.352938244593886452e-01 6.699763003118093252e-01 -9.422223406686583425e-02 -1.674940750779523599e-03
6.374300715256963068e-01 5.749560246850887735e-01 -9.577872375530904758e-02 -1.437390061712722151e-03
4.511417265746857086e-01 4.784986584279639632e-01 -9.709581651495907684e-02 -1.196246646069910229e-03
4.171188656817150786e-01 3.808452947220540841e-01 -9.817022029984541487e-02 -9.521132368051353793e-04
2.992757168586578920e-01 2.822400161197344270e-01 -9.899924966004454430e-02 -7.056000402993361544e-04
2.024075412933249996e-01 1.829292844648734984e-01 -9.958083245390612903e-02 -4.573232111621838608e-04
1.334367893394763915e-01 8.316132486658098233e-02 -9.991351502732795375e-02 -2.079033121664524959e-04
3.213388207642850491e-02 -1.681449473429812505e-02 -9.999646584713420272e-02 4.203623683574531940e-05
-5.071084301085353185e-02 -1.167482868551601716e-01 -9.982947757947531475e-02 2.918707171379005048e-04
-1.661082007038408581e-01 -2.163902690602167445e-01 -9.941296760805462540e-02 5.409756726505419999e-04
-2.606410063757609863e-01 -3.154913882864973096e-01 -9.874797699088649905e-02 7.887284707162434778e-04
-4.204943064579117484e-01 -4.138039433467994854e-01 -9.783616785819342077e-02 1.034509858366998870e-03
-5.011047062724791612e-01 -5.110822040536633359e-01 -9.667981925794609521e-02 1.277705510134158513e-03
-5.633524153585515171e-01 -6.070830254168586571e-01 -9.528182145943048242e-02 1.517707563542146842e-03
-6.580368591484963003e-01 -7.015664553792396729e-01 -9.364566872907964523e-02 1.753916138448099451e-03
-8.732867603799865375e-01 -7.942963345719203927e-01 -9.177545059662758908e-02 1.985740836429801450e-03
-8.969750489881207489e-01 -8.850408865897049226e-01 -8.967584163341470183e-02 2.212602216474262706e-03
-9.557466919007275852e-01 -9.735732973113995214e-01 -8.735208976839377304e-02 2.433933243278499445e-03
-1.021890100888253494e+00 -1.059672281816986805e+00 -8.481000317104081532e-02 2.649180704542467447e-03
-1.150480493190392473e+00 -1.143122637484687454e+00 -8.205593573395608686e-02 2.857806593711719172e-03
-1.231039791149471041e+00 -1.223715781885438503e+00 -7.909677119144165047e-02 3.059289454713596829e-03
-1.354884132369091221e+00 -1.301250274130334672e+00 -7.593990591375079924e-02 3.253125685325837253e-03
-1.436755130861609331e+00 -1.375532318367948204e+00 -7.259323042001399051e-02 3.438830795919871168e-03
-1.432178145153195414e+00 -1.446376248173024237e+00 -6.906510965605075492e-02 3.615940620432561443e-03
-1.503051380805834780e+00 -1.513604990615856405e+00 -6.536436208636119127e-02 3.784012476539641741e-03
-1.592413252697878701e+00 -1.577050508852390065e+00 -6.150023765255744485e-02 3.942626272130976030e-03
-1.645508901094587362e+00 -1.636554222128821623e+00 -5.748239465332685705e-02 4.091385555322055168e-03
-1.716585492165055182e+00 -1.691967402150893029e+00 -5.332087560371543550e-02 4.229918505377233164e-03
-1.775809571737052117e+00 -1.743151544827176380e+00 -4.902608213406994819e-02 4.357878862067942130e-03
-1.839402363760251014e+00 -1.789978716457166996e+00 -4.460874899137928784e-02 4.474946791142918150e-03
-1.780393334154691143e+00 -1.832331873498909802e+00 -4.007991720799754937e-02 4.580829683747275616e-03
-1.881698311609379282e+00 -1.870105155116898787e+00 -3.545090650481311223e-02 4.675262887792248044e-03
-1.907249194878538168e+00 -1.903204147779032240e+00 -3.073328699784193610e-02 4.758010369447581919e-03
-1.930071272333560684e+00 -1.931546121241277669e+00 -2.593885027896261283e-02 4.828865303103195214e-03
-1.933639532201733013e+00 -1.955060235330194018e+00 -2.107957994307797095e-02 4.887650588325485879e-03
-1.875756011182726501e+00 -1.973687717006473052e+00 -1.616762163536865013e-02 4.934219292516183256e-03
-2.005920857432018423e+00 -1.987382007266929040e+00 -1.121525269350539915e-02 4.968455018167323642e-03
-1.948870210545468495e+00 -1.996108877517758895e+00 -6.234851460699165904e-03 4.990272193794398521e-03
-2.013367133870882508e+00 -1.999846515128201663e+00 -1.238866346289056166e-03 4.999616287820505406e-03
-2.000917164109020430e+00 -1.998585577950755976e+00 3.760215288797655406e-03 4.996463944876890738e-03
-1.979591176598330060e+00 -1.992329217671681141e+00 8.749898343944727611e-03 4.980823044179204240e-03
-1.956840477646582421e+00 -1.981093071933426319e+00 1.371771121009081676e-02 4.952732679833566666e-03
-2.004232818757046619e+00 -1.964905225248664955e+00 1.865123694225757564e-02 4.912263063121663324e-03
-2.002234895120351243e+00 -1.943806138803641614e+00 2.353814429544512019e-02 4.859515347009104626e-03
-1.910103329761304591e+00 -1.917848549326276908e+00 2.836621854632262463e-02 4.794621373315693241e-03
-1.815551789136166549e+00 -1.887097337271812725e+00 3.312339202367545199e-02 4.717743343179532471e-03
-1.880644945341996888e+00 -1.851629364655464238e+00 3.779777427129810824e-02 4.629073411638661567e-03
-1.778058181893257261e+00 -1.811533282937408895e+00 4.237768176794282082e-02 4.528833207343522897e-03
-1.780941132688341755e+00 -1.766909311440306274e+00 4.685166713003771632e-02 4.417273278600766795e-03
-1.767138913727906324e+00 -1.717868986853184010e+00 5.120854772418407391e-02 4.294672467132961031e-03
-1.570692650912967059e+00 -1.664534884447801621e+00 5.543743361791615698e-02 4.161337211119504886e-03
-1.626994964032846491e+00 -1.607040311704310609e+00 5.952775479886068116e-02 4.017600779260777077e-03
-1.512446080849954022e+00 -1.545528975111974290e+00 6.346928759426347100e-02 3.863822437779936263e-03
-1.404827010998763948e+00 -1.480154620977788715e+00 6.725218022484659441e-02 3.700386552444472500e-03
-1.356334983114109383e+00 -1.411080651140783848e+00 7.086697742912599629e-02 3.527701627851960366e-03
-1.252683565574540525e+00 -1.338479714552522681e+00 7.430464409664104541e-02 3.346199286381307345e-03
-1.264648971279260348e+00 -1.262533275744641692e+00 7.755658785102502450e-02 3.156333189361604837e-03
-1.299100224878914300e+00 -1.183431161262018749e+00 8.061468052647158267e-02 2.958577903155047272e-03
-1.088731144324060152e+00 -1.101371085195275157e+00 8.347127848391598659e-02 2.753427712988188586e-03
-1.043397169785166723e+00 -1.016558154998516539e+00 8.611924171615209511e-02 2.541395387496291677e-03
-9.289430955603761308e-01 -9.292043588275131771e-01 8.855195169413193623e-02 2.323010897068783324e-03
-7.839854893663678048e-01 -8.395280356797177879e-01 9.076332790984135979e-02 2.098820089199295025e-03
-7.750802201785716994e-01 -7.477533296604720325e-01 9.274784307440359088e-02 1.869383324151180359e-03
-6.970629157496774919e-01 -6.541096297394812797e-01 9.450053693342275185e-02 1.635274074348703555e-03
-5.474715442253548225e-01 -5.588309963978517203e-01 9.601702866503659950e-02 1.397077490994629544e-03
-4.044322859465370179e-01 -4.621555765987827580e-01 9.729352782968976598e-02 1.155388941496957034e-03
-3.225629455907135235e-01 -3.643250085441900321e-01 9.832684384425847968e-02 9.108125213604752928e-04
-3.369388791684274076e-01 -2.655838177050334759e-01 9.911439395684690234e-02 6.639595442625837764e-04
-1.418860617537899271e-01 -1.661788056349927933e-01 9.965420970232174991e-02 4.154470140874820441e-04
-8.208793830772473377e-02 -6.635843309511363364e-02 9.994494182244995084e-02 1.658960827377841112e-04
3.005259450964237536e-02 3.362780096870120194e-02 9.998586363834151280e-02 -8.406950242175301625e-05
2.319760612446939430e-01 1.335299830431126988e-01 9.977687286676840961e-02 -3.338249576077817883e-04
2.721918118727904012e-01 2.330984097009872746e-01 9.931849187581925920e-02 -5.827460242524682863e-04
3.559499023038719678e-01 3.320842117299144247e-01 9.861186637925126175e-02 -8.302105293247862136e-04
4.207931516886014855e-01 4.302399761756310337e-01 9.765876257280235728e-02 -1.075599940439077740e-03
5.778430452494476288e-01 5.273203647455584342e-01 9.646156271962179340e-02 -1.318300911863896354e-03
5.674203792984856554e-01 6.230827270267573770e-01 9.502325919585292990e-02 -1.557706817566893807e-03
6.838778029427404759e-01 7.172877069856007370e-01 9.334744701125119448e-02 -1.793219267464002094e-03
8.377627083403303976e-01 8.096998412331966044e-01 9.143831482353194373e-02 -2.024249603082992066e-03
8.572677050204289273e-01 9.000881475612352300e-01 8.930063446890768031e-02 -2.250220368903088457e-03
9.355564085299310495e-01 9.882267022772178722e-01 8.693974903498248585e-02 -2.470566755693045027e-03
1.032304451754378904e+00 1.073895204896023525e+00 8.436155950581591956e-02 -2.684738012240059542e-03
1.216890234111418723e+00 1.156879528776400212e+00 8.157251001253568168e-02 -2.892198821941001276e-03
1.238563903427868595e+00 1.236972256326047903e+00 7.857957172636610699e-02 -3.092430640815120330e-03
1.287237255938365799e+00 1.313973197437578122e+00 7.539022543433046564e-02 -3.284932993593945791e-03
1.479192238321680009e+00 1.387689889859528680e+00 7.201244284117935823e-02 -3.469224724648822204e-03
1.476580700540678803e+00 1.457938080251752977e+00 6.845466664428059844e-02 -3.644845200629383188e-03
1.490639776204533140e+00 1.524542184722822435e+00 6.472578943127237083e-02 -3.811355461807056783e-03
1.720471269948289361e+00 1.587335727698306220e+00 6.083513145322545779e-02 -3.968339319245766522e-03
1.631058467664519673e+00 1.646161758023011012e+00 5.679241732886948502e-02 -4.115404395057527948e-03
1.692369025947274563e+00 1.700873241257129687e+00 5.260775173811045591e-02 -4.252183103142824667e-03
1.764563101245799848e+00 1.751333427185765235e+00 4.829159416559370560e-02 -4.378333567964414093e-03
1.716134961980561036e+00 1.797416191623253834e+00 4.385473275743903554e-02 -4.493540479058135036e-03
1.774129610421335324e+00 1.839006351657941352e+00 3.930825735649407654e-02 -4.597515879144854073e-03
1.860959788058324405e+00 1.875999953549477794e+00 3.466353178350258663e-02 -4.689999883873694972e-03
1.837673029581494699e+00 1.908304532559030209e+00 2.993216543347062067e-02 -4.770761331397576147e-03
1.936849637366355070e+00 1.935839344062973089e+00 2.512598425822548664e-02 -4.839598360157433901e-03
1.996963560654446246e+00 1.958535565372399923e+00 2.025700120769443474e-02 -4.896338913431001055e-03
2.009700909061620244e+00 1.976336467754000736e+00 1.533738620378643537e-02 -4.940841169385003055e-03
2.062762699674292932e+00 1.989197558222352225e+00 1.037943572192529668e-02 -4.972993895555881394e-03
2.007979340798446533e+00 1.997086690749209970e+00 5.395542056264886546e-03 -4.992716726873025652e-03
1.989936943538309855e+00 1.999984146611837543e+00 3.981623454078851015e-04 -4.999960366529595211e-03
2.090326084673557627e+00 1.997882683679544025e+00 -4.600212563953694732e-03 -4.994706709198860894e-03
1.989969982549193439e+00 1.990787554515239810e+00 -9.587089337649783161e-03 -4.976968886288100219e-03
2.008980389587613935e+00 1.978716493246763575e+00 -1.455000338086135520e-02 -4.946791233116910186e-03
2.011572302891189601e+00 1.961699671240799026e+00 -1.947654999311613719e-02 -4.904249178101998709e-03
1.877033598922194679e+00 1.939779621690172595e+00 -2.435441537357911287e-02 -4.849449054225432772e-03
1.899187536061293091e+00 1.913011133303018196e+00 -2.917140739914265285e-02 -4.782527833257546254e-03
1.836992817546237111e+00 1.881461113359545134e+00 -3.391548609838362233e-02 -4.703652783398864015e-03
1.758561717917589196e+00 1.845208420478680500e+00 -3.857479374522218563e-02 -4.613021051196702395e-03
1.812683896255253391e+00 1.804343667512586569e+00 -4.313768449706208846e-02 -4.510859168781466977e-03
1.772199225953132062e+00 1.758968995061729768e+00 -4.759275350333096871e-02 -4.397422487654325564e-03
1.779148938746816233e+00 1.709197816176561080e+00 -5.192886541166855802e-02 -4.272994540441403880e-03
1.639643371359268187e+00 1.655154532883966079e+00 -5.613518220050729701e-02 -4.137886332209916168e-03
1.590116661791043606e+00 1.596974225246980517e+00 -6.020119026848236299e-02 -3.992435563117451881e-03
1.561486333673514082e+00 1.534802313734974444e+00 -6.411672671296018977e-02 -3.837005784337436682e-03
1.455367463667195826e+00 1.468794195748226672e+00 -6.787200473200125095e-02 -3.671985489370567513e-03
1.387958538411568465e+00 1.399114857205336016e+00 -7.145763808626919011e-02 -3.497787143013340785e-03
1.300765634587693675e+00 1.325938460164364008e+00 -7.486466455973998790e-02 -3.314846150410910488e-03
1.235929569377384851e+00 1.249447907508384858e+00 -7.808456836057492412e-02 -3.123619768770962909e-03
1.138155960640781839e+00 1.169834385783523389e+00 -8.110930140616560979e-02 -2.924585964458809202e-03
1.161597902076035194e+00 1.087296887332176665e+00 -8.393130343914838309e-02 -2.718242218330442321e-03
9.458766734672637844e-01 1.002041712915769267e+00 -8.654352092411123076e-02 -2.505104282289423792e-03
9.488517843639325822e-01 9.142819560703084880e-01 -8.893942467775822758e-02 -2.285704890175771584e-03
8.089849833678857127e-01 8.242369704835131872e-01 -9.111302618846769952e-02 -2.060592426208783523e-03
7.144508785588168376e-01 7.321318217248220517e-01 -9.305889258445285139e-02 -1.830329554312055572e-03
6.218896759015344333e-01 6.381967246987042541e-01 -9.477216021311118954e-02 -1.595491811746761052e-03
5.362398074394073566e-01 5.426664682272654971e-01 -9.624854679762373522e-02 -1.356666170568164055e-03
3.449612386503971839e-01 4.457798282004918344e-01 -9.748436214041640568e-02 -1.114449570501229803e-03
3.610123412606435767e-01 3.477789707608671121e-01 -9.847651734673236457e-02 -8.694474269021679929e-04
2.061443073487442268e-01 2.489088470141234133e-01 -9.922253254526035293e-02 -6.222721175353086286e-04
2.131864772964006116e-01 1.494165807790695522e-01 -9.972054308652120169e-02 -3.735414519476739671e-04
-3.668954424435276473e-02 4.955085090671552950e-02 -9.996930420352065361e-02 -1.238771272667888433e-04
2.987767011716201820e-02 -5.043873028732099445e-02 -9.996819412301849450e-02 1.260968257183025100e-04
-1.837599514131090239e-01 -1.503022409236186019e-01 -9.971721561963785285e-02 3.757556023090465741e-04
-2.049201718214708756e-01 -2.497900742335046331e-01 -9.921699600893009452e-02 6.244751855837616696e-04
-3.235586672747530756e-01 -3.486535624459627947e-01 -9.846878557941267374e-02 8.716339061149071948e-04
-4.005480635201075779e-01 -4.466455983275677832e-01 -9.747445446749893050e-02 1.116613995818919753e-03
-5.749842027389142629e-01 -5.435212528218883454e-01 -9.623648798313097497e-02 1.358803132054721115e-03
-6.805202371161863661e-01 -6.390383872445473123e-01 -9.475798039779932680e-02 1.597595968111368680e-03
-8.050968764358652496e-01 -7.329582585038567633e-01 -9.304262721047533435e-02 1.832395646259642272e-03
-8.174207100035427720e-01 -8.250461158341886314e-01 -9.109471591078868724e-02 2.062615289585471769e-03
-9.431538427853430884e-01 -9.150717875506426680e-01 -8.891911526253609699e-02 2.287679468876607173e-03
