1.000000000000000048e-04 1.000000000000000048e-04 1.000000000000000048e-04 1.000000000000000048e-04 0.000000000000000000e+00 0.000000000000000000e+00 0.000000000000000000e+00 0.000000000000000000e+00
5.514601597337652761e-01 -4.143153739602577490e-01 -4.143153739602576935e-01 5.095385586635602371e-01 2.486024741831122098e-01 4.143074598009923726e-01 4.143074598009923171e-01 6.904624413364396363e-01
6.138919073368265256e-01 -4.551955818330519210e-01 -4.551955818330519210e-01 5.367252274695986092e-01 4.139426114992585393e-01 5.404647803303247455e-01 5.404647803303247455e-01 7.056586363977881415e-01
6.208157754925781591e-01 -4.597186968220555170e-01 -4.597186968220554615e-01 5.396713328821769462e-01 4.364824515312323849e-01 5.551033560589171412e-01 5.551033560589170301e-01 7.059613389424521657e-01
6.219648761367758683e-01 -4.604794083548350292e-01 -4.604794083548350847e-01 5.401692952114142132e-01 4.400616868329679243e-01 5.572864225124619653e-01 5.572864225124619653e-01 7.057377772462595233e-01
6.223919546851605089e-01 -4.607681996854785522e-01 -4.607681996854784967e-01 5.403605889340994395e-01 4.412521194888012754e-01 5.579519110729495024e-01 5.579519110729493914e-01 7.055157841068622204e-01
6.226630779482389411e-01 -4.609546223819479538e-01 -4.609546223819478983e-01 5.404856187312846449e-01 4.419428767524331558e-01 5.583117395250419834e-01 5.583117395250419834e-01 7.053219202944470689e-01
6.228684655746788978e-01 -4.610977628491331748e-01 -4.610977628491331193e-01 5.405826943644329585e-01 4.424280977102451606e-01 5.585491937570519205e-01 5.585491937570518095e-01 7.051478047196104715e-01
6.230352494785212913e-01 -4.612154552173918787e-01 -4.612154552173919342e-01 5.406633393147411981e-01 4.427935142459691331e-01 5.587159708315138085e-01 5.587159708315138085e-01 7.049866947436723708e-01
6.231765361635455136e-01 -4.613163315419101518e-01 -4.613163315419101518e-01 5.407331262694031748e-01 4.430799568906422237e-01 5.588363112228589280e-01 5.588363112228589280e-01 7.048344613300826511e-01
6.232999933680274385e-01 -4.614054465800809801e-01 -4.614054465800809801e-01 5.407953192837581247e-01 4.433112077580608767e-01 5.589242592428708134e-01 5.589242592428708134e-01 7.046885395703409438e-01
6.234104869253318526e-01 -4.614860098709181457e-01 -4.614860098709181457e-01 5.408519917298109103e-01 4.435023312330681478e-01 5.589886892993192191e-01 5.589886892993192191e-01 7.045472656159799119e-01
6.235112625880040449e-01 -4.615601632685985001e-01 -4.615601632685985556e-01 5.409045277655529782e-01 4.436633646881977810e-01 5.590355048797370774e-01 5.590355048797371884e-01 7.044095153896220429e-01
6.236045691709140026e-01 -4.616293912730094484e-01 -4.616293912730094484e-01 5.409538870404725364e-01 4.438012565920110841e-01 5.590687876697589820e-01 5.590687876697589820e-01 7.042745028409648222e-01
6.236920139042849698e-01 -4.616947551650998349e-01 -4.616947551650998349e-01 5.410007557987033255e-01 4.439209696236796621e-01 5.590914499272469085e-01 5.590914499272469085e-01 7.041416620772251722e-01
6.237747758812850485e-01 -4.617570337098420574e-01 -4.617570337098421129e-01 5.410456377191524835e-01 4.440261424345762209e-01 5.591056251433033086e-01 5.591056251433033086e-01 7.040105754875526367e-01
6.238537396370650301e-01 -4.618168112449262397e-01 -4.618168112449263507e-01 5.410889108062663100e-01 4.441195033803884695e-01 5.591129119355443544e-01 5.591129119355444654e-01 7.038809282493850850e-01
6.239295816743971601e-01 -4.618745347590180184e-01 -4.618745347590180739e-01 5.411308642640297872e-01 4.442031382968352760e-01 5.591145317140568949e-01 5.591145317140570059e-01 7.037524785899431645e-01
6.240028281945886324e-01 -4.619305519859086551e-01 -4.619305519859085440e-01 5.411717231120917182e-01 4.442786690394559534e-01 5.591114336997996537e-01 5.591114336997995427e-01 7.036250377937528500e-01
6.240738946219855920e-01 -4.619851374915133202e-01 -4.619851374915133757e-01 5.412116650467921897e-01 4.443473756454920376e-01 5.591043667189705690e-01 5.591043667189705690e-01 7.034984564275157393e-01
6.241431132839468932e-01 -4.620385109472162632e-01 -4.620385109472162077e-01 5.412508322543072570e-01 4.444102818428555257e-01 5.590939294186738628e-01 5.590939294186738628e-01 7.033726146402350388e-01
6.242107531890672689e-01 -4.620908501892782017e-01 -4.620908501892781461e-01 5.412893398546613222e-01 4.444682161214766891e-01 5.590806061077172595e-01 5.590806061077172595e-01 7.032474151995254941e-01
6.242770344149654038e-01 -4.621423007206174050e-01 -4.621423007206174605e-01 5.413272820464297697e-01 4.445218561423442405e-01 5.590647928035662462e-01 5.590647928035662462e-01 7.031227784048686980e-01
6.243421387446587145e-01 -4.621929827362203369e-01 -4.621929827362204479e-01 5.413647366506585401e-01 4.445717615558703595e-01 5.590468164710273857e-01 5.590468164710274968e-01 7.029986383134544381e-01
6.244062176448347268e-01 -4.622429963935865693e-01 -4.622429963935865693e-01 5.414017685201547581e-01 4.446183986109021880e-01 5.590269494416977292e-01 5.590269494416977292e-01 7.028749399000412401e-01
6.244693983298219564e-01 -4.622924258190966307e-01 -4.622924258190967417e-01 5.414384321313956416e-01 4.446621588537182923e-01 5.590054203658437748e-01 5.590054203658438858e-01 7.027516368920283529e-01
6.245317884263956731e-01 -4.623413421903261322e-01 -4.623413421903261877e-01 5.414747735788457694e-01 4.447033735087901340e-01 5.589824226318794720e-01 5.589824226318795830e-01 7.026286900997141815e-01
6.245934796020229385e-01 -4.623898061336962351e-01 -4.623898061336962351e-01 5.415108321264405777e-01 4.447423246613759207e-01 5.589581209111232907e-01 5.589581209111232907e-01 7.025060661145292595e-01
6.246545504156129081e-01 -4.624378696085185703e-01 -4.624378696085185703e-01 5.415466414268352846e-01 4.447792540419142626e-01 5.589326562973278012e-01 5.589326562973278012e-01 7.023837362840372744e-01
6.247150685784116364e-01 -4.624855774013341136e-01 -4.624855774013341136e-01 5.415822304885471450e-01 4.448143699914234306e-01 5.589061503807565279e-01 5.589061503807565279e-01 7.022616758974307150e-01
6.247750927626499751e-01 -4.625329683214470800e-01 -4.625329683214470244e-01 5.416176244497649117e-01 4.448478530326127611e-01 5.588787085058565252e-01 5.588787085058565252e-01 7.021398635327918969e-01
6.248346740600669857e-01 -4.625800761650880610e-01 -4.625800761650881165e-01 5.416528452024573781e-01 4.448798603617467595e-01 5.588504223971830775e-01 5.588504223971831886e-01 7.020182805298427198e-01
6.248938571668913866e-01 -4.626269304988154807e-01 -4.626269304988153697e-01 5.416879118995027165e-01 4.449105294975193581e-01 5.588213722920208903e-01 5.588213722920207793e-01 7.018969105609321746e-01
6.249526813533170522e-01 -4.626735573004782665e-01 -4.626735573004781554e-01 5.417228413696436595e-01 4.449399812658769715e-01 5.587916286845123759e-01 5.587916286845122649e-01 7.017757392795499483e-01
6.250111812618385221e-01 -4.627199794870703875e-01 -4.627199794870703320e-01 5.417576484592334651e-01 4.449683222576169550e-01 5.587612537614241592e-01 5.587612537614240482e-01 7.016547540305135833e-01
6.250693875686830214e-01 -4.627662173520862843e-01 -4.627662173520862288e-01 5.417923463154105113e-01 4.449956468642797258e-01 5.587303025913170629e-01 5.587303025913169519e-01 7.015339436095585635e-01
6.251273275349650271e-01 -4.628122889299801090e-01 -4.628122889299800535e-01 5.418269466220850816e-01 4.450220389744040661e-01 5.586988241151606971e-01 5.586988241151605861e-01 7.014132980627876268e-01
6.251850254684278019e-01 -4.628582103015153604e-01 -4.628582103015154159e-01 5.418614597976624259e-01 4.450475733944488366e-01 5.586668619760130072e-01 5.586668619760131183e-01 7.012928085184760851e-01
6.252425031122498256e-01 -4.629039958508925912e-01 -4.629039958508925912e-01 5.418958951615522324e-01 4.450723170451408861e-01 5.586344552174618006e-01 5.586344552174618006e-01 7.011724670453023389e-01
6.252997799740098728e-01 -4.629496584833145412e-01 -4.629496584833145412e-01 5.419302610750603710e-01 4.450963299735945511e-01 5.586016388744234895e-01 5.586016388744234895e-01 7.010522665322885816e-01
6.253568736052833588e-01 -4.629952098099087698e-01 -4.629952098099087143e-01 5.419645650611493171e-01 4.451196662134648818e-01 5.585684444751667366e-01 5.585684444751667366e-01 7.009322005866687189e-01
6.254137998403063170e-01 -4.630406603055826076e-01 -4.630406603055825521e-01 5.419988139066728161e-01 4.451423745191041559e-01 5.585349004697409692e-01 5.585349004697408581e-01 7.008122634466357193e-01
6.254705730005276632e-01 -4.630860194443224276e-01 -4.630860194443224276e-01 5.420330137500058987e-01 4.451644989947375342e-01 5.585010325970967138e-01 5.585010325970967138e-01 7.006924499065022571e-01
6.255272060706034143e-01 -4.631312958156098003e-01 -4.631312958156096893e-01 5.420671701564462319e-01 4.451860796357637873e-01 5.584668642008937534e-01 5.584668642008936423e-01 7.005727552522608148e-01
6.255837108503847777e-01 -4.631764972249565737e-01 -4.631764972249564072e-01 5.421012881833339181e-01 4.452071527961696251e-01 5.584324165021705699e-01 5.584324165021703479e-01 7.004531752058963390e-01
6.256400980866267947e-01 -4.632216307810345102e-01 -4.632216307810344547e-01 5.421353724364879056e-01 4.452277515935654240e-01 5.583977088356012475e-01 5.583977088356012475e-01 7.003337058770962020e-01
6.256963775875117317e-01 -4.632667029714341855e-01 -4.632667029714342410e-01 5.421694271192807335e-01 4.452479062613381999e-01 5.583627588548832898e-01 5.583627588548832898e-01 7.002143437212342558e-01
6.257525583225430621e-01 -4.633117197287520694e-01 -4.633117197287521249e-01 5.422034560754468435e-01 4.452676444558080204e-01 5.583275827118656665e-01 5.583275827118657775e-01 7.000950855027011643e-01
6.258086485099491059e-01 -4.633566864884117731e-01 -4.633566864884117176e-01 5.422374628265411722e-01 4.452869915249524913e-01 5.582921952132487986e-01 5.582921952132486876e-01 6.999759282628001955e-01
6.258646556933759042e-01 -4.634016082394050717e-01 -4.634016082394050717e-01 5.422714506048083027e-01 4.453059707441976434e-01 5.582566099580680286e-01 5.582566099580679175e-01 6.998568692915627665e-01
6.259205868093737912e-01 -4.634464895689401343e-01 -4.634464895689401343e-01 5.423054223821088815e-01 4.453246035238848655e-01 5.582208394586521960e-01 5.582208394586521960e-01 6.997379061029336267e-01
6.259764482469398761e-01 -4.634913347018383978e-01 -4.634913347018385088e-01 5.423393808954406481e-01 4.453429095923119307e-01 5.581848952473329462e-01 5.581848952473330572e-01 6.996190364128676009e-01
6.260322459001869122e-01 -4.635361475353790839e-01 -4.635361475353791949e-01 5.423733286695160416e-01 4.453609071576293266e-01 5.581487879708183497e-01 5.581487879708184607e-01 6.995002581199427638e-01
6.260879852150458280e-01 -4.635809316702030891e-01 -4.635809316702031446e-01 5.424072680367816313e-01 4.453786130513968655e-01 5.581125274738713005e-01 5.581125274738714115e-01 6.993815692881660828e-01
6.261436712307771879e-01 -4.636256904377785149e-01 -4.636256904377786259e-01 5.424412011552142143e-01 4.453960428561726803e-01 5.580761228736740298e-01 5.580761228736741408e-01 6.992629681316797630e-01
6.261993086169520550e-01 -4.636704269248699828e-01 -4.636704269248700383e-01 5.424751300241746899e-01 4.454132110191717508e-01 5.580395826260691194e-01 5.580395826260691194e-01 6.991444530011338143e-01
6.262549017064663603e-01 -4.637151439953857701e-01 -4.637151439953856036e-01 5.425090564985628472e-01 4.454301309537366804e-01 5.580029145846933103e-01 5.580029145846931993e-01 6.990260223715125676e-01
6.263104545250817168e-01 -4.637598443099227863e-01 -4.637598443099227863e-01 5.425429823014819020e-01 4.454468151301154699e-01 5.579661260538770762e-01 5.579661260538770762e-01 6.989076748312418319e-01
6.263659708179056818e-01 -4.638045303432916100e-01 -4.638045303432916655e-01 5.425769090355933022e-01 4.454632751568445848e-01 5.579292238360656908e-01 5.579292238360656908e-01 6.987894090724163787e-01
6.264214540731791736e-01 -4.638492044002560100e-01 -4.638492044002558989e-01 5.426108381933157920e-01 4.454795218538445956e-01 5.578922142744091595e-01 5.578922142744090484e-01 6.986712238820212972e-01
6.264769075436835699e-01 -4.638938686296991687e-01 -4.638938686296991132e-01 5.426447711660046247e-01 4.454955653182017805e-01 5.578551032910888940e-01 5.578551032910888940e-01 6.985531181340282059e-01
6.265323342660413797e-01 -4.639385250373966874e-01 -4.639385250373967984e-01 5.426787092522278311e-01 4.455114149834747406e-01 5.578178964218692970e-01 5.578178964218694080e-01 6.984350907822669541e-01
6.265877370781468558e-01 -4.639831754975516920e-01 -4.639831754975516365e-01 5.427126536652412403e-01 4.455270796732553329e-01 5.577805988473003573e-01 5.577805988473003573e-01 6.983171408539844416e-01
6.266431186349387117e-01 -4.640278217632311519e-01 -4.640278217632310964e-01 5.427466055397516254e-01 4.455425676496246323e-01 5.577432154209448489e-01 5.577432154209448489e-01 6.981992674440173907e-01
6.266984814226890244e-01 -4.640724654758247580e-01 -4.640724654758246470e-01 5.427805659380453562e-01 4.455578866570636953e-01 5.577057506949570920e-01 5.577057506949569810e-01 6.980814697095083510e-01
6.267538277719769679e-01 -4.641171081736283899e-01 -4.641171081736283899e-01 5.428145358555518385e-01 4.455730439623055150e-01 5.576682089432950518e-01 5.576682089432950518e-01 6.979637468651089804e-01
6.268091598694786049e-01 -4.641617512996493722e-01 -4.641617512996493167e-01 5.428485162259001351e-01 4.455880463905638744e-01 5.576305941828233470e-01 5.576305941828232360e-01 6.978460981786190898e-01
6.268644797687029646e-01 -4.642063962087091267e-01 -4.642063962087090712e-01 5.428825079255229502e-01 4.456029003585119663e-01 5.575929101925186648e-01 5.575929101925186648e-01 6.977285229670141531e-01
6.269197893997802140e-01 -4.642510441739225446e-01 -4.642510441739225446e-01 5.429165117778556038e-01 4.456176119043516737e-01 5.575551605309840841e-01 5.575551605309839731e-01 6.976110205928232055e-01
6.269750905783955108e-01 -4.642956963926118119e-01 -4.642956963926117009e-01 5.429505285571671891e-01 4.456321867152652216e-01 5.575173485524351769e-01 5.575173485524350658e-01 6.974935904608212667e-01
6.270303850139612445e-01 -4.643403539917121403e-01 -4.643403539917120848e-01 5.429845589920661020e-01 4.456466301525102702e-01 5.574794774213142068e-01 5.574794774213140958e-01 6.973762320150036498e-01
6.270856743170931669e-01 -4.643850180327236399e-01 -4.643850180327235289e-01 5.430186037687066980e-01 4.456609472743961464e-01 5.574415501256704264e-01 5.574415501256703154e-01 6.972589447358176207e-01
6.271409600064683509e-01 -4.644296895162469130e-01 -4.644296895162468575e-01 5.430526635337306063e-01 4.456751428573401674e-01 5.574035694894206028e-01 5.574035694894206028e-01 6.971417281376212083e-01
6.271962435151146043e-01 -4.644743693861477785e-01 -4.644743693861477785e-01 5.430867388969654597e-01 4.456892214151942921e-01 5.573655381836029044e-01 5.573655381836029044e-01 6.970245817663528465e-01
6.272515261961923994e-01 -4.645190585333843769e-01 -4.645190585333842104e-01 5.431208304339042447e-01 4.457031872170035824e-01 5.573274587367168520e-01 5.573274587367167410e-01 6.969075051973890877e-01
6.273068093283145075e-01 -4.645637577995259671e-01 -4.645637577995258560e-01 5.431549386879871433e-01 4.457170443033410812e-01 5.572893335442344886e-01 5.572893335442344886e-01 6.967904980335727361e-01
6.273620941204424151e-01 -4.646084679799963868e-01 -4.646084679799964423e-01 5.431890641727030733e-01 4.457307965013547202e-01 5.572511648773604831e-01 5.572511648773604831e-01 6.966735599033966331e-01
6.274173817164041544e-01 -4.646531898270629957e-01 -4.646531898270629402e-01 5.432232073735269173e-01 4.457444474386386135e-01 5.572129548911085584e-01 5.572129548911084473e-01 6.965566904593291087e-01
6.274726731990625250e-01 -4.646979240525959676e-01 -4.646979240525960231e-01 5.432573687497069814e-01 4.457580005560380365e-01 5.571747056317557512e-01 5.571747056317557512e-01 6.964398893762683285e-01
6.275279695941677893e-01 -4.647426713306180845e-01 -4.647426713306181956e-01 5.432915487359196716e-01 4.457714591194798515e-01 5.571364190437303465e-01 5.571364190437304575e-01 6.963231563501121046e-01
6.275832718739201566e-01 -4.647874322996631280e-01 -4.647874322996630170e-01 5.433257477437964944e-01 4.457848262309168641e-01 5.570980969759825596e-01 5.570980969759824486e-01 6.962064910964360642e-01
6.276385809602695875e-01 -4.648322075649597429e-01 -4.648322075649598539e-01 5.433599661633392586e-01 4.457981048384589973e-01 5.570597411878818184e-01 5.570597411878819294e-01 6.960898933492707386e-01
6.276938977279720167e-01 -4.648769977004553189e-01 -4.648769977004552079e-01 5.433942043642331354e-01 4.458112977457638348e-01 5.570213533546846119e-01 5.570213533546845008e-01 6.959733628599648059e-01
6.277492230074269708e-01 -4.649218032506929887e-01 -4.649218032506930443e-01 5.434284626970617982e-01 4.458244076207473205e-01 5.569829350726028805e-01 5.569829350726029915e-01 6.958568993961340432e-01
6.278045575873103523e-01 -4.649666247325554558e-01 -4.649666247325554558e-01 5.434627414944391832e-01 4.458374370036725098e-01 5.569444878635140261e-01 5.569444878635140261e-01 6.957405027406812215e-01
6.278599022170230359e-01 -4.650114626368847537e-01 -4.650114626368848092e-01 5.434970410720579848e-01 4.458503883146653357e-01 5.569060131793346358e-01 5.569060131793346358e-01 6.956241726908901635e-01
6.279152576089667148e-01 -4.650563174299898739e-01 -4.650563174299899294e-01 5.435313617296676503e-01 4.458632638607081811e-01 5.568675124060910031e-01 5.568675124060910031e-01 6.955079090575772005e-01
6.279706244406639826e-01 -4.651011895550493103e-01 -4.651011895550492548e-01 5.435657037519836532e-01 4.458760658421482281e-01 5.568289868677077648e-01 5.568289868677077648e-01 6.953917116643051344e-01
6.280260033567336420e-01 -4.651460794334192350e-01 -4.651460794334192905e-01 5.436000674095334828e-01 4.458887963587639947e-01 5.567904378295385204e-01 5.567904378295385204e-01 6.952755803466507123e-01
6.280813949707324539e-01 -4.651909874658516353e-01 -4.651909874658517463e-01 5.436344529594497876e-01 4.459014574154203103e-01 5.567518665016564228e-01 5.567518665016565338e-01 6.951595149515173988e-01
6.281367998668739849e-01 -4.652359140336337906e-01 -4.652359140336337906e-01 5.436688606462054540e-01 4.459140509273490371e-01 5.567132740419282744e-01 5.567132740419282744e-01 6.950435153364986629e-01
6.281922186016347665e-01 -4.652808594996496461e-01 -4.652808594996496461e-01 5.437032907023032768e-01 4.459265787250777935e-01 5.566746615588826774e-01 5.566746615588826774e-01 6.949275813692809001e-01
6.282476517052548726e-01 -4.653258242093741837e-01 -4.653258242093742392e-01 5.437377433489204437e-01 4.459390425590402107e-01 5.566360301143926659e-01 5.566360301143926659e-01 6.948117129270851011e-01
6.283030996831414638e-01 -4.653708084918027343e-01 -4.653708084918027899e-01 5.437722187965108311e-01 4.459514441038867072e-01 5.565973807261846984e-01 5.565973807261846984e-01 6.946959098961449364e-01
6.283585630171837355e-01 -4.654158126603208934e-01 -4.654158126603208379e-01 5.438067172453679987e-01 4.459637849625207040e-01 5.565587143701873352e-01 5.565587143701872241e-01 6.945801721712181465e-01
6.284140421669843768e-01 -4.654608370135194795e-01 -4.654608370135195350e-01 5.438412388861544322e-01 4.459760666698788789e-01 5.565200319827312558e-01 5.565200319827313669e-01 6.944644996551299077e-01
6.284695375710132037e-01 -4.655058818359590900e-01 -4.655058818359589234e-01 5.438757839003975914e-01 4.459882906964772187e-01 5.564813344626121649e-01 5.564813344626119429e-01 6.943488922583400669e-01
6.285250496476904036e-01 -4.655509473988864166e-01 -4.655509473988864166e-01 5.439103524609524287e-01 4.460004584517340831e-01 5.564426226730248004e-01 5.564426226730248004e-01 6.942333498985452378e-01
6.285805787964027225e-01 -4.655960339609077625e-01 -4.655960339609077070e-01 5.439449447324391507e-01 4.460125712870931514e-01 5.564038974433805906e-01 5.564038974433805906e-01 6.941178725002965511e-01
6.286361253984593667e-01 -4.656411417686199816e-01 -4.656411417686200371e-01 5.439795608716528896e-01 4.460246304989542443e-01 5.563651595710119580e-01 5.563651595710119580e-01 6.940024599946466033e-01
6.286916898179880642e-01 -4.656862710572068353e-01 -4.656862710572067798e-01 5.440142010279480633e-01 4.460366373314311739e-01 5.563264098227779231e-01 5.563264098227778121e-01 6.938871123188150580e-01
6.287472724027801663e-01 -4.657314220509952141e-01 -4.657314220509952696e-01 5.440488653436014177e-01 4.460485929789416715e-01 5.562876489365704558e-01 5.562876489365704558e-01 6.937718294158742305e-01
6.288028734850852342e-01 -4.657765949639831038e-01 -4.657765949639830483e-01 5.440835539541524213e-01 4.460604985886489904e-01 5.562488776227354492e-01 5.562488776227354492e-01 6.936566112344533241e-01
6.288584933823588852e-01 -4.658217900003339684e-01 -4.658217900003340239e-01 5.441182669887245638e-01 4.460723552627581801e-01 5.562100965654086515e-01 5.562100965654086515e-01 6.935414577284608750e-01
6.289141323979683396e-01 -4.658670073548439317e-01 -4.658670073548439317e-01 5.441530045703280027e-01 4.460841640606817426e-01 5.561713064237753246e-01 5.561713064237753246e-01 6.934263688568211847e-01
6.289697908218563338e-01 -4.659122472133812587e-01 -4.659122472133813142e-01 5.441877668161446691e-01 4.460959260010801675e-01 5.561325078332578498e-01 5.561325078332578498e-01 6.933113445832269628e-01
6.290254689311690628e-01 -4.659575097533023014e-01 -4.659575097533023014e-01 5.442225538377969407e-01 4.461076420637875573e-01 5.560937014066360540e-01 5.560937014066360540e-01 6.931963848759075120e-01
6.290811669908477066e-01 -4.660027951438423521e-01 -4.660027951438424076e-01 5.442573657416026611e-01 4.461193131916288968e-01 5.560548877351039199e-01 5.560548877351039199e-01 6.930814897074061287e-01
6.291368852541874279e-01 -4.660481035464864585e-01 -4.660481035464866251e-01 5.442922026288140591e-01 4.461309402921370126e-01 5.560160673892688976e-01 5.560160673892691197e-01 6.929666590543729354e-01
6.291926239633648388e-01 -4.660934351153191435e-01 -4.660934351153191435e-01 5.443270645958444565e-01 4.461425242391734991e-01 5.559772409200953724e-01 5.559772409200953724e-01 6.928518928973692592e-01
6.292483833499393775e-01 -4.661387899973540860e-01 -4.661387899973540860e-01 5.443619517344834291e-01 4.461540658744632126e-01 5.559384088597958407e-01 5.559384088597958407e-01 6.927371912206791160e-01
6.293041636353233770e-01 -4.661841683328477592e-01 -4.661841683328477037e-01 5.443968641320984236e-01 4.461655660090435016e-01 5.558995717226754563e-01 5.558995717226753452e-01 6.926225540121360158e-01
6.293599650312305949e-01 -4.662295702555954713e-01 -4.662295702555955268e-01 5.444318018718269370e-01 4.461770254246381628e-01 5.558607300059309475e-01 5.558607300059310585e-01 6.925079812629554299e-01
6.294157877400993195e-01 -4.662749958932103644e-01 -4.662749958932101979e-01 5.444667650327590369e-01 4.461884448749560694e-01 5.558218841904053464e-01 5.558218841904052354e-01 6.923934729675753630e-01
6.294716319554929385e-01 -4.663204453673903127e-01 -4.663204453673904237e-01 5.445017536901080035e-01 4.461998250869233518e-01 5.557830347413055261e-01 5.557830347413056371e-01 6.922790291235099147e-01
6.295274978624797457e-01 -4.663659187941689432e-01 -4.663659187941688877e-01 5.445367679153743090e-01 4.462111667618499644e-01 5.557441821088804357e-01 5.557441821088804357e-01 6.921646497312057278e-01
6.295833856379940974e-01 -4.664114162841538902e-01 -4.664114162841538347e-01 5.445718077764999387e-01 4.462224705765359678e-01 5.557053267290650300e-01 5.557053267290650300e-01 6.920503347939089833e-01
6.296392954511785822e-01 -4.664569379427536688e-01 -4.664569379427535578e-01 5.446068733380153848e-01 4.462337371843224654e-01 5.556664690240907811e-01 5.556664690240906701e-01 6.919360843175366149e-01
6.296952274637075408e-01 -4.665024838703921151e-01 -4.665024838703920596e-01 5.446419646611788679e-01 4.462449672160871406e-01 5.556276094030653256e-01 5.556276094030652146e-01 6.918218983105559605e-01
6.297511818300953745e-01 -4.665480541627128885e-01 -4.665480541627129440e-01 5.446770818041076767e-01 4.462561612811908884e-01 5.555887482625230245e-01 5.555887482625230245e-01 6.917077767838711866e-01
6.298071586979905323e-01 -4.665936489107724294e-01 -4.665936489107724849e-01 5.447122248219060658e-01 4.462673199683763747e-01 5.555498859869474337e-01 5.555498859869474337e-01 6.915937197507111556e-01
6.298631582084517344e-01 -4.666392682012253101e-01 -4.666392682012253101e-01 5.447473937667812738e-01 4.462784438466229076e-01 5.555110229492687957e-01 5.555110229492687957e-01 6.914797272265298389e-01
6.299191804962139818e-01 -4.666849121164980407e-01 -4.666849121164980407e-01 5.447825886881597635e-01 4.462895334659575108e-01 5.554721595113356614e-01 5.554721595113356614e-01 6.913657992289045096e-01
6.299752256899394665e-01 -4.667305807349564351e-01 -4.667305807349566016e-01 5.448178096327939146e-01 4.463005893582289163e-01 5.554332960243645312e-01 5.554332960243646422e-01 6.912519357774430384e-01
6.300312939124576017e-01 -4.667762741310641506e-01 -4.667762741310641506e-01 5.448530566448658297e-01 4.463116120378415874e-01 5.553944328293679566e-01 5.553944328293679566e-01 6.911381368936947434e-01
6.300873852809920628e-01 -4.668219923755329570e-01 -4.668219923755328460e-01 5.448883297660832570e-01 4.463226020024561591e-01 5.553555702575607711e-01 5.553555702575606601e-01 6.910244026010655682e-01
6.301434999073785015e-01 -4.668677355354666214e-01 -4.668677355354665659e-01 5.449236290357745149e-01 4.463335597336559046e-01 5.553167086307478906e-01 5.553167086307478906e-01 6.909107329247367035e-01
6.301996378982714919e-01 -4.669135036744986866e-01 -4.669135036744987977e-01 5.449589544909763106e-01 4.463444856975820052e-01 5.552778482616946842e-01 5.552778482616947953e-01 6.907971278915880919e-01
6.302557993553403737e-01 -4.669592968529217014e-01 -4.669592968529216459e-01 5.449943061665186717e-01 4.463553803455381774e-01 5.552389894544775828e-01 5.552389894544775828e-01 6.906835875301241545e-01
6.303119843754592111e-01 -4.670051151278121759e-01 -4.670051151278122314e-01 5.450296840951048827e-01 4.463662441145683779e-01 5.552001325048202540e-01 5.552001325048203650e-01 6.905701118704051789e-01
6.303681930508840958e-01 -4.670509585531494312e-01 -4.670509585531494312e-01 5.450650883073898667e-01 4.463770774280070297e-01 5.551612777004142352e-01 5.551612777004142352e-01 6.904567009439782632e-01
6.304244254694252314e-01 -4.670968271799281202e-01 -4.670968271799281757e-01 5.451005188320514616e-01 4.463878806960037138e-01 5.551224253212230231e-01 5.551224253212231341e-01 6.903433547838158102e-01
6.304806817146101361e-01 -4.671427210562672516e-01 -4.671427210562672516e-01 5.451359756958630287e-01 4.463986543160256559e-01 5.550835756397752840e-01 5.550835756397752840e-01 6.902300734242529101e-01
6.305369618658391850e-01 -4.671886402275127748e-01 -4.671886402275128303e-01 5.451714589237572905e-01 4.464093986733354558e-01 5.550447289214419655e-01 5.550447289214420765e-01 6.901168569009312748e-01
6.305932659985342692e-01 -4.672345847363359450e-01 -4.672345847363358895e-01 5.452069685388928333e-01 4.464201141414489427e-01 5.550058854247029716e-01 5.550058854247028606e-01 6.900037052507409507e-01
6.306495941842822361e-01 -4.672805546228278040e-01 -4.672805546228278040e-01 5.452425045627141698e-01 4.464308010825712714e-01 5.549670454014002940e-01 5.549670454014002940e-01 6.898906185117695822e-01
6.307059464909690050e-01 -4.673265499245896071e-01 -4.673265499245895516e-01 5.452780670150093600e-01 4.464414598480156426e-01 5.549282090969822612e-01 5.549282090969821502e-01 6.897775967232510075e-01
6.307623229829116829e-01 -4.673725706768178112e-01 -4.673725706768178112e-01 5.453136559139669659e-01 4.464520907786018733e-01 5.548893767507343533e-01 5.548893767507343533e-01 6.896646399255162985e-01
6.308187237209813558e-01 -4.674186169123878409e-01 -4.674186169123878409e-01 5.453492712762285644e-01 4.464626942050392566e-01 5.548505485960026906e-01 5.548505485960026906e-01 6.895517481599481302e-01
6.308751487627222154e-01 -4.674646886619315267e-01 -4.674646886619314157e-01 5.453849131169402620e-01 4.464732704482907710e-01 5.548117248604055307e-01 5.548117248604054197e-01 6.894389214689361500e-01
6.309315981624671332e-01 -4.675107859539125998e-01 -4.675107859539125998e-01 5.454205814498016558e-01 4.464838198199232999e-01 5.547729057660361063e-01 5.547729057660361063e-01 6.893261598958340119e-01
6.309880719714437980e-01 -4.675569088147003005e-01 -4.675569088147002450e-01 5.454562762871117965e-01 4.464943426224438627e-01 5.547340915296595787e-01 5.547340915296595787e-01 6.892134634849191865e-01
6.310445702378821853e-01 -4.676030572686369347e-01 -4.676030572686368236e-01 5.454919976398145964e-01 4.465048391496187485e-01 5.546952823628976681e-01 5.546952823628975571e-01 6.891008322813548803e-01
6.311010930071124791e-01 -4.676492313381042099e-01 -4.676492313381043209e-01 5.455277455175420176e-01 4.465153096867810478e-01 5.546564784724072883e-01 5.546564784724073993e-01 6.889882663311506228e-01
6.311576403216616615e-01 -4.676954310435881834e-01 -4.676954310435881279e-01 5.455635199286548165e-01 4.465257545111265269e-01 5.546176800600535195e-01 5.546176800600534085e-01 6.888757656811284047e-01
6.312142122213451056e-01 -4.677416564037379376e-01 -4.677416564037379931e-01 5.455993208802810690e-01 4.465361738919938484e-01 5.545788873230713678e-01 5.545788873230714788e-01 6.887633303788879280e-01
6.312708087433561710e-01 -4.677879074354255873e-01 -4.677879074354255318e-01 5.456351483783563605e-01 4.465465680911370194e-01 5.545401004542250822e-01 5.545401004542249712e-01 6.886509604727730771e-01
6.313274299223482489e-01 -4.678341841538015689e-01 -4.678341841538015689e-01 5.456710024276573145e-01 4.465569373629841299e-01 5.545013196419582568e-01 5.545013196419582568e-01 6.885386560118414989e-01
6.313840757905174739e-01 -4.678804865723479867e-01 -4.678804865723480422e-01 5.457068830318377861e-01 4.465672819548865968e-01 5.544625450705386038e-01 5.544625450705386038e-01 6.884264170458335164e-01
6.314407463776804397e-01 -4.679268147029310709e-01 -4.679268147029311264e-01 5.457427901934625014e-01 4.465776021073585289e-01 5.544237769201972865e-01 5.544237769201973975e-01 6.883142436251435958e-01
6.314974417113483618e-01 -4.679731685558497500e-01 -4.679731685558498055e-01 5.457787239140380331e-01 4.465878980543062649e-01 5.543850153672625902e-01 5.543850153672625902e-01 6.882021358007920364e-01
