2.000000000000000111e-01 5.000000000000000000e-01 0.000000000000000000e+00 0.000000000000000000e+00 0.000000000000000000e+00 0.000000000000000000e+00 2.000000000000000111e-01 5.000000000000000000e-01 1.999303423178870331e-01 5.008055607674648524e-01 0.000000000000000000e+00 2.000000000000000111e-01 5.000000000000000000e-01
1.992811730515759161e-01 4.988020418219219487e-01 -7.188269484241056276e-04 -1.197958178078023950e-03 -1.357320978362697161e-02 -5.788020418219219643e-01 1.857079632679489445e-01 -8.000000000000000167e-02 1.867924328035294179e-01 -7.952007289654799971e-02 1.355836000938383634e+00 1.857079632679489445e-01 -8.000000000000000167e-02
1.858190572983240418e-01 -7.985494991562909484e-02 1.110940303750853584e-04 1.450500843709067475e-04 -6.536105119974600086e-03 -6.505009770424452498e-05 1.792829521783494418e-01 -7.992000001333333936e-02 1.786026145141145494e-01 -8.031056791604951339e-02 1.748166339361822974e-01 1.792829521783494418e-01 -7.992000001333333936e-02
1.786199975613825819e-01 -8.076312287314600658e-02 -6.629546169668610591e-04 -8.431228598126713335e-04 -2.164986486783065933e-03 9.231227664793506538e-04 1.764550110745995160e-01 -7.984000010666665592e-02 1.776333750463258421e-01 -7.797529435922240237e-02 1.596889690039840770e-01 1.764550110745995160e-01 -7.984000010666665592e-02
1.767009917887729653e-01 -7.952849443300684384e-02 2.459807141734430126e-04 3.115056736598156547e-04 -1.771418571235666706e-03 -2.315059269929892194e-04 1.749295732175372986e-01 -7.976000035999983306e-02 1.742886554120517961e-01 -8.018431149646061684e-02 1.591157952204461656e-01 1.749295732175372986e-01 -7.976000035999983306e-02
1.743559748200445569e-01 -8.048530072216064646e-02 -5.735983974927428555e-04 -7.253003621608203333e-04 -3.680637297135413988e-04 8.052998688279910944e-04 1.739879110903310155e-01 -7.968000085333265536e-02 1.751355789031414090e-01 -7.967766052476679683e-02 1.526117666016905960e-01 1.739879110903310155e-01 -7.968000085333265536e-02
1.739455934158918027e-01 -7.973346127926467242e-02 -4.231767443920490476e-05 -5.346042593201908561e-05 -5.926200759323319023e-04 1.334596126000842098e-04 1.733529733399594708e-01 -7.960000166666458821e-02 1.731650594887258754e-01 -8.045514357181121623e-02 1.536161016789449330e-01 1.733529733399594708e-01 -7.960000166666458821e-02
1.741160266061287099e-01 -7.863667499546467266e-02 7.630532661692476402e-04 9.633266711999086129e-04 -1.218085874044788630e-03 -8.833278845301467674e-04 1.728979407320839212e-01 -7.952000287999481942e-02 1.723846615045043773e-01 -7.987894861157338044e-02 1.564786564009888747e-01 1.728979407320839212e-01 -7.952000287999481942e-02
1.735133573265655593e-01 -7.874347145171234352e-02 6.154165944816476427e-04 7.765314282824725385e-04 -9.562580072955961796e-04 -6.965331216097908618e-04 1.725570993192699631e-01 -7.944000457332213438e-02 1.719144698109145719e-01 -7.932132062137728368e-02 1.551137256711070112e-01 1.725570993192699631e-01 -7.944000457332213438e-02
1.727318708223307964e-01 -7.921957333837577331e-02 1.747715030608195340e-04 2.204312349463572276e-04 -4.387272521834684191e-04 -1.404334882690455588e-04 1.722931435701473279e-01 -7.936000682664481887e-02 1.715837357537825791e-01 -7.878644391942270231e-02 1.525567492992024599e-01 1.722931435701473279e-01 -7.936000682664481887e-02
1.721735012027567346e-01 -7.951085124563894713e-02 -1.196423673905872085e-04 -1.508444189941223509e-04 -9.012936792857084711e-05 2.308415256783019620e-04 1.720833718348281638e-01 -7.928000971996064516e-02 1.698155812291327615e-01 -7.874961177553850555e-02 1.508368580224164479e-01 1.720833718348281638e-01 -7.928000971996064516e-02
1.723027941424525589e-01 -7.900345065926536736e-02 2.194223076243815489e-04 2.765590606952817603e-04 -3.895980650960029212e-04 -1.965626740013104445e-04 1.719131960773565559e-01 -7.920001333326667781e-02 1.733691217126873962e-01 -7.914041371815161430e-02 1.522366657288433678e-01 1.719131960773565559e-01 -7.920001333326667781e-02
1.714794092767261136e-01 -7.974660392965508826e-02 -4.337868006304486813e-04 -5.465905963884055757e-04 2.934131427227704147e-04 6.265861830957869527e-04 1.717728224194488840e-01 -7.912001774655930131e-02 1.719256223923216753e-01 -7.835795864741426642e-02 1.489749633607538037e-01 1.717728224194488840e-01 -7.912001774655930131e-02
1.721326753401410947e-01 -7.866670101272281446e-02 3.598529206922172047e-04 4.533167338364884778e-04 -4.772403947247982892e-04 -3.733220271113085742e-04 1.716554349454162964e-01 -7.904002303983412303e-02 1.707297296491559480e-01 -7.958633169232587345e-02 1.526669572857340951e-01 1.716554349454162964e-01 -7.904002303983412303e-02
1.723118138583058789e-01 -7.821335373781805600e-02 6.563789128895756693e-04 8.266693020160669229e-04 -7.556682242357837254e-04 -7.466755552677506458e-04 1.715561456340700952e-01 -7.896002929308580665e-02 1.699861653391235017e-01 -7.809951723745438279e-02 1.540291763787627333e-01 1.715561456340700952e-01 -7.896002929308580665e-02
1.720671958291765946e-01 -7.831652880627217039e-02 5.110501951065032000e-04 6.435004868136313732e-04 -5.958371269486339994e-04 -5.635077800359572509e-04 1.714713587022279606e-01 -7.888003658630812764e-02 1.723725056891329543e-01 -7.828258782587903253e-02 1.533172560449561628e-01 1.714713587022279606e-01 -7.888003658630812764e-02
1.709473521373308658e-01 -7.953972127509789658e-02 -5.240065648970995129e-04 -6.596846887897707791e-04 4.510184376515513627e-04 7.396762756041452835e-04 1.713983705749824171e-01 -7.880004499949375130e-02 1.722590132376397021e-01 -7.731348648019202574e-02 1.483906380631280497e-01 1.713983705749824171e-01 -7.880004499949375130e-02
1.710376113321570302e-01 -7.925412944357763945e-02 -3.607592428253960141e-04 -4.540844440838928664e-04 2.974982955781524385e-04 5.340748309433512864e-04 1.713351096277351826e-01 -7.872005461263428816e-02 1.707895121725169219e-01 -7.892797641017491872e-02 1.491975605307191421e-01 1.713351096277351826e-01 -7.872005461263428816e-02
1.711536522136572480e-01 -7.894841334783965492e-02 -1.814574140779370804e-04 -2.283587352053660809e-04 1.263097030420878841e-04 3.083478421195551267e-04 1.712799619166993359e-01 -7.864006550572009979e-02 1.705248263897987393e-01 -7.779199800337985304e-02 1.500983289204931848e-01 1.712799619166993359e-01 -7.864006550572009979e-02
1.722714741195959798e-01 -7.739248572314715025e-02 9.915122028966521193e-04 1.247579782572950631e-03 -1.039822607219687001e-03 -1.167592035593148503e-03 1.712316515123762928e-01 -7.856007775874029875e-02 1.714227720043889625e-01 -7.990501738429506284e-02 1.557485379436579498e-01 1.712316515123762928e-01 -7.856007775874029875e-02
1.711426257884226809e-01 -7.867207728678490830e-02 -8.902572395361704782e-05 -1.119995280446054332e-04 4.653069455584635250e-05 1.919858351022846188e-04 1.711891564829785273e-01 -7.848009145168262368e-02 1.710981297017276914e-01 -7.905236161715949172e-02 1.506726312740481466e-01 1.711891564829785273e-01 -7.848009145168262368e-02
1.711415333723347310e-01 -7.853999485219077814e-02 -4.762311064380116312e-05 -5.990340050815775853e-05 1.011536013825753422e-05 1.398881876574220584e-04 1.711516487324729885e-01 -7.840010666453335608e-02 1.707934411062530244e-01 -7.855743081207283707e-02 1.509534056511822597e-01 1.711516487324729885e-01 -7.840010666453335608e-02
1.709594983455386130e-01 -7.864176973413096461e-02 -1.921503869343637900e-04 -2.416630695976078758e-04 1.589518082332763704e-04 3.216462568536582189e-04 1.711184501537718894e-01 -7.832012347727730639e-02 1.704236542071189964e-01 -7.788814391255687031e-02 1.503573582175965484e-01 1.711184501537718894e-01 -7.832012347727730639e-02
1.720548326775464543e-01 -7.714262703197173610e-02 9.363825237745582652e-04 1.177496445305570294e-03 -9.658325159530301018e-04 -1.097514937925883616e-03 1.710890001615934242e-01 -7.824014196989761971e-02 1.717808151445914533e-01 -7.715276512713482859e-02 1.558334954077403578e-01 1.710890001615934242e-01 -7.824014196989761971e-02
1.701546665949857096e-01 -7.941489687237925088e-02 -9.343335666077141714e-04 -1.174754902481636373e-03 9.081647091890854284e-04 1.254734650003419549e-03 1.710628313041747950e-01 -7.816016222237583133e-02 1.717539384424682514e-01 -7.904663481581722384e-02 1.470294863941445929e-01 1.710628313041747950e-01 -7.816016222237583133e-02
1.710045002006248538e-01 -7.823349295765673339e-02 -5.833110354993865785e-05 -7.333073528090337421e-05 3.505050250449115445e-05 1.533086429650748483e-04 1.710395507031293449e-01 -7.808018431469165854e-02 1.714356136268185837e-01 -7.591103071536656199e-02 1.513149491302010485e-01 1.710395507031293449e-01 -7.808018431469165854e-02
1.704434000383800163e-01 -7.882953267291496757e-02 -5.961506647493166168e-04 -7.493483582233080543e-04 5.754257211908753167e-04 8.293243460919530463e-04 1.710188257595708916e-01 -7.800020832682301453e-02 1.695438329338742889e-01 -7.755988555396081674e-02 1.488716475399546879e-01 1.710188257595708916e-01 -7.800020832682301453e-02
1.705972466148114319e-01 -7.853005465244422556e-02 -4.215791447594578896e-04 -5.298463256212095161e-04 4.031264103239451391e-04 6.098203136983421091e-04 1.710003730251353771e-01 -7.792023433874588345e-02 1.702027110528793463e-01 -7.938933868869091359e-02 1.498258357680853081e-01 1.710003730251353771e-01 -7.792023433874588345e-02
1.709573526414451539e-01 -7.797429598193716949e-02 -4.302038369021021042e-05 -5.406164319128400225e-05 2.659680833705380110e-05 1.340335515029322799e-04 1.709839494497822077e-01 -7.784026243043423721e-02 1.691882002748023306e-01 -7.764446054665972985e-02 1.517553463151517235e-01 1.709839494497822077e-01 -7.784026243043423721e-02
1.713035808597723197e-01 -7.743864779531849096e-02 3.196314099901144661e-04 4.016146351157509598e-04 -3.342354250146506445e-04 -3.216448865414889280e-04 1.709693454347576691e-01 -7.776029268185997989e-02 1.697925010528435197e-01 -7.686719143349259042e-02 1.536125166615241178e-01 1.709693454347576691e-01 -7.776029268185997989e-02
1.708599242857290201e-01 -7.789776249324709134e-02 -1.094211490286425706e-04 -1.374698113871111532e-04 9.645498521182460649e-05 2.174373202542406736e-04 1.709563792709408447e-01 -7.768032517299285067e-02 1.693279412441039689e-01 -7.788550430371647681e-02 1.517032596606748551e-01 1.709563792709408447e-01 -7.768032517299285067e-02
1.699804635535052122e-01 -7.890625369776237130e-02 -9.759157174356204029e-04 -1.225928524769520633e-03 9.644290972248004135e-04 1.305893713962016922e-03 1.709448926507300126e-01 -7.760035998380035438e-02 1.704091595890739330e-01 -7.960876460305507663e-02 1.477145988720654224e-01 1.709448926507300126e-01 -7.760035998380035438e-02
1.702196142362334130e-01 -7.851133208270869024e-02 -7.252784144966002277e-04 -9.109720989083289200e-04 7.151327830909881555e-04 9.909348884610258423e-04 1.709347470193244012e-01 -7.752039719424766440e-02 1.698671385884374385e-01 -7.815884032863133768e-02 1.490473333724202376e-01 1.709347470193244012e-01 -7.752039719424766440e-02
1.717180871857759139e-01 -7.653661523295911262e-02 7.833401664515103353e-04 9.837819612885528604e-04 -7.922665979376297685e-04 -9.038216513384822459e-04 1.709258205878382841e-01 -7.744043688429759487e-02 1.710171385456879800e-01 -7.673451073495209107e-02 1.563706758890506809e-01 1.709258205878382841e-01 -7.744043688429759487e-02
1.705427928952933936e-01 -7.792141726650966826e-02 -3.830276925449036169e-04 -4.809803822120776811e-04 3.752129770479006865e-04 5.609381325992479628e-04 1.709180058723412943e-01 -7.736047913391042030e-02 1.718178376115324091e-01 -7.735785833343407358e-02 1.509623945366326825e-01 1.709180058723412943e-01 -7.736047913391042030e-02
1.703587553329659887e-01 -7.806266627954068504e-02 -5.592505393753045796e-04 -7.021871456302631155e-04 5.524523209287368619e-04 7.821422564967955848e-04 1.709112076538947256e-01 -7.728052402304388946e-02 1.723476185170793040e-01 -7.601755199583823397e-02 1.502695881987327897e-01 1.709112076538947256e-01 -7.728052402304388946e-02
1.708679719674523478e-01 -7.733480386776986348e-02 -4.323568644237746312e-05 -5.427984472597642345e-05 3.736931045944524854e-05 1.342322361167630485e-04 1.709053412779117931e-01 -7.720057163165310044e-02 1.709843155711749940e-01 -7.837999157503248993e-02 1.528733494125810721e-01 1.709053412779117931e-01 -7.720057163165310044e-02
1.712683677058746690e-01 -7.674486566346297445e-02 3.630264279628777724e-04 4.557059681901228974e-04 -3.680364770906885408e-04 -3.757563762274984676e-04 1.709003312287839804e-01 -7.712062203969047292e-02 1.722133973945030316e-01 -7.782319653246271007e-02 1.549561583282608179e-01 1.709003312287839804e-01 -7.712062203969047292e-02
1.707685930974475463e-01 -7.728597372842069269e-02 -1.317381313364203411e-04 -1.653516887302238360e-04 1.275168317226849091e-04 2.452984013151526810e-04 1.708961099291702312e-01 -7.704067532710554000e-02 1.728999196523447468e-01 -7.638116327198304911e-02 1.527524315471668892e-01 1.708961099291702312e-01 -7.704067532710554000e-02
1.710199856119994366e-01 -7.688520974631948834e-02 1.238756828292074722e-04 1.554655807860485432e-04 -1.273688882965084979e-04 -7.552182752555702816e-05 1.708926167237029281e-01 -7.696073157384504537e-02 1.700584788702503847e-01 -7.673128460655066763e-02 1.541211169113320401e-01 1.708926167237029281e-01 -7.696073157384504537e-02
1.714574403158198868e-01 -7.625194996027249983e-02 5.648235921169655893e-04 7.087816135725387131e-04 -5.676433009230985594e-04 -6.288408995802213797e-04 1.708897970148967882e-01 -7.688079085985272121e-02 1.711319005297350648e-01 -7.701172286444013526e-02 1.563728360559008823e-01 1.708897970148967882e-01 -7.688079085985272121e-02
1.707774172462679929e-01 -7.702179748262978631e-02 -1.123797686288054219e-04 -1.410066227770650777e-04 1.101842790527107763e-04 2.209442175605119685e-04 1.708876015253207037e-01 -7.680085326506927434e-02 1.702044686816216457e-01 -7.707491999892067402e-02 1.533053494185703802e-01 1.708876015253207037e-01 -7.680085326506927434e-02
1.703693794800148487e-01 -7.745101190995556939e-02 -5.182220453058614248e-04 -6.501586448862907083e-04 5.166061850075120976e-04 7.300930405232664011e-04 1.708859856650223608e-01 -7.672091886943230299e-02 1.717515352078359814e-01 -7.621020604870434867e-02 1.515304148707438681e-01 1.708859856650223608e-01 -7.672091886943230299e-02
1.711583043683911898e-01 -7.637930672275854149e-02 2.723187033688427333e-04 3.416121466737649117e-04 -2.733953812914524661e-04 -2.616810301176303311e-04 1.708849089870997373e-01 -7.664098775287617182e-02 1.705877834550323657e-01 -7.694384507125441586e-02 1.554484818484653252e-01 1.708849089870997373e-01 -7.664098775287617182e-02
1.705763961942434737e-01 -7.702796164436583048e-02 -3.085127928562744933e-04 -3.869738914896543786e-04 3.079385231728182237e-04 4.669016490338045999e-04 1.708843347174162919e-01 -7.656105999533202588e-02 1.713735339979410854e-01 -7.835978387127988387e-02 1.528432064361024967e-01 1.708843347174162919e-01 -7.656105999533202588e-02
1.696808191560902346e-01 -7.807049046004831128e-02 -1.203515561326058822e-03 -1.509430464716288427e-03 1.203410190853182460e-03 1.589354783320728881e-03 1.708842293469434170e-01 -7.648113567672758240e-02 1.707904011262842692e-01 -7.845363702086766144e-02 1.487446512305744262e-01 1.708842293469434170e-01 -7.648113567672758240e-02
1.704677387824380386e-01 -7.700343531556687326e-02 -4.164905645053755957e-04 -5.222996388392950979e-04 4.168234947744264840e-04 6.022204385796869897e-04 1.708845622772124651e-01 -7.640121487698718628e-02 1.711266368697113571e-01 -7.700943930124487524e-02 1.526482384756304711e-01 1.708845622772124651e-01 -7.640121487698718628e-02
1.727289187453189268e-01 -7.408854944683805621e-02 1.844356468106468205e-03 2.312665430149124859e-03 -1.843613234341651141e-03 -2.232748229193545764e-03 1.708853055109772756e-01 -7.632129767603160198e-02 1.712364153489480401e-01 -7.617163476940277955e-02 1.635622673005356353e-01 1.708853055109772756e-01 -7.632129767603160198e-02
1.710957848216843324e-01 -7.605740279776627977e-02 2.104793107070500292e-04 2.638948782653255691e-04 -2.093514401822205162e-04 -1.839813560117614655e-04 1.708864333815021119e-01 -7.624138415377804123e-02 1.713984227469567967e-01 -7.732348736873755068e-02 1.559520216974093765e-01 1.708864333815021119e-01 -7.624138415377804123e-02
1.705180126287486608e-01 -7.670325382088942490e-02 -3.684207527534431284e-04 -4.618696671113894101e-04 3.699096862145867526e-04 5.417794307494144812e-04 1.708879223149632476e-01 -7.616147439014001042e-02 1.692772778279439672e-01 -7.578867419679440054e-02 1.533606507194107405e-01 1.708879223149632476e-01 -7.616147439014001042e-02
1.719378817425691874e-01 -7.484533504271166648e-02 1.049959427605931398e-03 1.316139347428337209e-03 -1.048131121234585628e-03 -1.236233422315602404e-03 1.708897506213346018e-01 -7.608156846502726889e-02 1.711777026431161308e-01 -7.617308915313276974e-02 1.602685087152780630e-01 1.708897506213346018e-01 -7.608156846502726889e-02
1.709411736380081481e-01 -7.601711576901037937e-02 5.142301667355061404e-05 6.445269601688349045e-05 -4.927532815729440685e-05 1.544931066463361979e-05 1.708918983098508537e-01 -7.600166645834574575e-02 1.696965422914497312e-01 -7.626734975646014270e-02 1.556829486953569264e-01 1.708918983098508537e-01 -7.600166645834574575e-02
1.722014249608373182e-01 -7.436050150354901744e-02 1.309526650986470118e-03 1.641164954796734158e-03 -1.307078035092834600e-03 -1.561266946448397475e-03 1.708943469257444836e-01 -7.592176844999741492e-02 1.695541702457276090e-01 -7.661011826229389976e-02 1.618290062999885870e-01 1.708943469257444836e-01 -7.592176844999741492e-02
1.702452837017981169e-01 -7.673512209067893941e-02 -6.490632239463610918e-04 -8.133536406815277450e-04 6.517957036502874946e-04 8.932475707986303748e-04 1.708970794054484044e-01 -7.584187451988030904e-02 1.706921200771742697e-01 -7.472673533297448378e-02 1.526800972089411290e-01 1.708970794054484044e-01 -7.584187451988030904e-02
1.700208138828921689e-01 -7.693982514894322222e-02 -8.762655225562467412e-04 -1.097950629062906898e-03 8.792660649819816765e-04 1.177840401054897068e-03 1.709000799478741506e-01 -7.576198474788832515e-02 1.719393747414412754e-01 -7.602380298832236982e-02 1.517647169364478299e-01 1.709000799478741506e-01 -7.576198474788832515e-02
1.697814154972135392e-01 -7.716351264984901148e-02 -1.118664450660621350e-03 -1.401527901960690449e-03 1.121918402507110502e-03 1.481413435937772860e-03 1.709033338997206497e-01 -7.568209921391123862e-02 1.706018672876698505e-01 -7.628085648138020758e-02 1.507776758209573020e-01 1.709033338997206497e-01 -7.568209921391123862e-02
1.705315058858700161e-01 -7.614789867612688223e-02 -3.718280138506403526e-04 -4.657994622156453463e-04 3.753217671917108422e-04 5.456806782922901666e-04 1.709068276530617270e-01 -7.560221799783459207e-02 1.732652668823568554e-01 -7.440290680070756058e-02 1.544941040344333105e-01 1.709068276530617270e-01 -7.560221799783459207e-02
1.706133522991442608e-01 -7.596982486077687169e-02 -2.934753539174546062e-04 -3.676068629422826577e-04 2.971962545613437978e-04 4.474836812373012007e-04 1.709105485537056046e-01 -7.552234117953957049e-02 1.715442195581445006e-01 -7.395135808699930535e-02 1.550327236725208557e-01 1.709105485537056046e-01 -7.552234117953957049e-02
1.693524638463057008e-01 -7.747379495800063576e-02 -1.558084707399896851e-03 -1.951453778461070690e-03 1.562020972722011347e-03 2.031326119097634497e-03 1.709144848190277122e-01 -7.544246883890300126e-02 1.717889997066077701e-01 -7.528851168336260502e-02 1.491878362267716751e-01 1.709144848190277122e-01 -7.544246883890300126e-02
1.703929134122044720e-01 -7.609565403099426140e-02 -5.215714068232263356e-04 -6.531851920912650150e-04 5.257120519489566490e-04 7.330529751970599195e-04 1.709186254641534286e-01 -7.536260105579720148e-02 1.709783943692629871e-01 -7.576856719046778932e-02 1.542819379610585739e-01 1.709186254641534286e-01 -7.536260105579720148e-02
1.713194448074616683e-01 -7.486069007492678062e-02 4.008193433082361812e-04 5.019109808704236720e-04 -3.964845719441056904e-04 -4.220478351631834490e-04 1.709229602355175626e-01 -7.528273791008996407e-02 1.720792993783304137e-01 -7.621119763827198523e-02 1.588334473020507620e-01 1.709229602355175626e-01 -7.528273791008996407e-02
1.710578609360268176e-01 -7.511383084631317875e-02 1.349007005092430324e-04 1.689070637767918590e-04 -1.303813850722645995e-04 -8.904863533125417785e-05 1.709274795509545530e-01 -7.520287948164443292e-02 1.719719400498876116e-01 -7.505870234241961148e-02 1.577370119349608135e-01 1.709274795509545530e-01 -7.520287948164443292e-02
1.706045327606287298e-01 -7.560719486969190439e-02 -3.229467903258247032e-04 -4.043153880474783537e-04 3.276416849541385901e-04 4.841690193728848124e-04 1.709321744455828684e-01 -7.512302585031901958e-02 1.694831486457401837e-01 -7.441373881532356571e-02 1.557288749107594017e-01 1.709321744455828684e-01 -7.512302585031901958e-02
1.713950057917408010e-01 -7.454364003637649339e-02 4.628313461579209860e-04 5.793858139425316165e-04 -4.579692689009040585e-04 -4.995370595908543709e-04 1.709370365228398969e-01 -7.504317709596734776e-02 1.710158835787637388e-01 -7.541519926956288811e-02 1.596313892936358503e-01 1.709370365228398969e-01 -7.504317709596734776e-02
1.715324650370331216e-01 -7.429787796326697835e-02 5.954285141932264686e-04 7.452991327003630076e-04 -5.904071269283439616e-04 -6.654553351711778308e-04 1.709420579101047777e-01 -7.496333329843815618e-02 1.708690813789585095e-01 -7.475271108681769139e-02 1.604298372348224866e-01 1.709420579101047777e-01 -7.496333329843815618e-02
1.711628448125646074e-01 -7.468700186833636401e-02 2.207869024598376503e-04 2.763314301017990595e-04 -2.156135941495940234e-04 -1.964926692388929697e-04 1.709472312184150133e-01 -7.488349453757525698e-02 1.710682898917393613e-01 -7.426589121869410504e-02 1.588181810601929367e-01 1.709472312184150133e-01 -7.488349453757525698e-02
1.710619294109247124e-01 -7.473995563037391654e-02 1.146981925097048243e-04 1.435389072013422537e-04 -1.093799050815025264e-04 -6.370526284348032586e-05 1.709525495058432099e-01 -7.480366089321739687e-02 1.722928667420771942e-01 -7.534134503810763217e-02 1.584830261475157487e-01 1.709525495058432099e-01 -7.480366089321739687e-02
1.712138238162775883e-01 -7.447672248461088829e-02 2.612743104343884064e-04 3.269384086065032667e-04 -2.558175721256716884e-04 -2.471099605873133820e-04 1.709580062441519166e-01 -7.472383244519820167e-02 1.700998985453455181e-01 -7.393421167002503513e-02 1.593486724159617340e-01 1.709580062441519166e-01 -7.472383244519820167e-02
1.703197497352287593e-01 -7.552241670395720696e-02 -6.382565089231498475e-04 -7.985842587589996565e-04 6.438455531600217885e-04 8.784074306110861707e-04 1.709635952883887811e-01 -7.464400927334612079e-02 1.709902389082040286e-01 -7.558209265121518250e-02 1.552443233872102257e-01 1.709635952883887811e-01 -7.464400927334612079e-02
1.708311845972400045e-01 -7.480966440250855221e-02 -1.324106911487649705e-04 -1.656551291624332569e-04 1.381262518844739162e-04 2.454729450242221223e-04 1.709693108491244784e-01 -7.456419145748433008e-02 1.709799311109538311e-01 -7.377110960590435584e-02 1.578173882351786572e-01 1.709693108491244784e-01 -7.456419145748433008e-02
1.704340981059280780e-01 -7.523371322697298968e-02 -5.352127431964136695e-04 -6.695217694886546143e-04 5.410493611409938897e-04 7.493341495423549992e-04 1.709751474670690718e-01 -7.448437907743063469e-02 1.718257808061597058e-01 -7.612345348654872557e-02 1.560737853562448596e-01 1.709751474670690718e-01 -7.448437907743063469e-02
1.697284790045779090e-01 -7.604373671124184386e-02 -1.246668462491176254e-03 -1.559357633811215898e-03 1.252620985254609964e-03 1.639164498244458090e-03 1.709810999898325190e-01 -7.440457221299738577e-02 1.716270287303922060e-01 -7.499722989857814104e-02 1.528643635795157163e-01 1.709810999898325190e-01 -7.440457221299738577e-02
1.710113956848986760e-01 -7.436668154567908917e-02 3.029569506616167402e-05 3.789066731829605818e-05 -2.423213427826809152e-05 4.191060168763638405e-05 1.709871635506204079e-01 -7.432477094399145279e-02 1.712038705699947538e-01 -7.550958416011269159e-02 1.591007441734210159e-01 1.709871635506204079e-01 -7.432477094399145279e-02
1.697909116181268996e-01 -7.582076763881905046e-02 -1.196251932493502292e-03 -1.495996694827597239e-03 1.202421930553643215e-03 1.575792288604924152e-03 1.709933335486805428e-01 -7.424497535021412631e-02 1.697340435221340038e-01 -7.319281720332580787e-02 1.534452836576935542e-01 1.709933335486805428e-01 -7.424497535021412631e-02
1.703070233755677176e-01 -7.510316868527747158e-02 -6.863101731128188731e-04 -8.581933350633465761e-04 6.925822557662386636e-04 9.379831738165200772e-04 1.709996056313339563e-01 -7.416518551146095151e-02 1.706703825838027933e-01 -7.613098394496073396e-02 1.560383148159245337e-01 1.709996056313339563e-01 -7.416518551146095151e-02
1.712929187747769255e-01 -7.379844995957154929e-02 2.933131434429725763e-04 3.667355518894015068e-04 -2.869430973342357305e-04 -2.869515479502343647e-04 1.710059756774426898e-01 -7.408540150752178366e-02 1.720472729747459795e-01 -7.475661261756487430e-02 1.608619842143782785e-01 1.710059756774426898e-01 -7.408540150752178366e-02
1.705776560298745137e-01 -7.462088531169391858e-02 -4.283196475681662211e-04 -5.354838041721349251e-04 4.347837523079878252e-04 6.152618935132969646e-04 1.710124397821825015e-01 -7.400562341818062162e-02 1.688451372066257783e-01 -7.328080874206271966e-02 1.576057891632307861e-01 1.710124397821825015e-01 -7.400562341818062162e-02
1.721811459335331473e-01 -7.254465579034909128e-02 1.168706151350639095e-03 1.460967627831531637e-03 -1.162151690531632031e-03 -1.381195532866433262e-03 1.710189942430015153e-01 -7.392585132321552455e-02 1.702854469240586699e-01 -7.486409189276604925e-02 1.653612527848974112e-01 1.710189942430015153e-01 -7.392585132321552455e-02
1.715278415228915221e-01 -7.328981824466039574e-02 5.088472798900127393e-04 6.360330785551329257e-04 -5.022059762333497268e-04 -5.562670577382300419e-04 1.710256355466581724e-01 -7.384608530239862578e-02 1.714373805212555391e-01 -7.416977088240138405e-02 1.623988475104422013e-01 1.710256355466581724e-01 -7.384608530239862578e-02
1.707840454227939897e-01 -7.414803073594407323e-02 -2.415901238641753415e-04 -3.019454335454471792e-04 2.483149344500723554e-04 3.817053004481901768e-04 1.710323603572440621e-01 -7.376632543549588306e-02 1.714820553916036605e-01 -7.433837749995794719e-02 1.590067931393713552e-01 1.710323603572440621e-01 -7.376632543549588306e-02
1.718068347596169443e-01 -7.279846338562197261e-02 7.744744023728757261e-04 9.678620498739108798e-04 -7.676692545131313938e-04 -8.881084166452307693e-04 1.710391655051038129e-01 -7.368657180226720338e-02 1.720348215524243329e-01 -7.636692370805016339e-02 1.640029717125796871e-01 1.710391655051038129e-01 -7.368657180226720338e-02
1.712545542294144074e-01 -7.341742667644231279e-02 2.153887243105884273e-04 2.691451258248897722e-04 -2.085062528381920188e-04 -1.893978060238804551e-04 1.710460479765762154e-01 -7.360682448246619325e-02 1.731275269546085072e-01 -7.421016926254971058e-02 1.615200159574654015e-01 1.710460479765762154e-01 -7.360682448246619325e-02
1.707254292432412168e-01 -7.400742330456012985e-02 -3.206187333349940199e-04 -4.005988220939383907e-04 3.275756612438063264e-04 4.803397487199712046e-04 1.710530049044850232e-01 -7.352708355584015865e-02 1.713882930038444496e-01 -7.319812309662612759e-02 1.591470216181555264e-01 1.710530049044850232e-01 -7.352708355584015865e-02
1.715210644188013278e-01 -7.294232157866656352e-02 4.680595143163078574e-04 5.847619771735932835e-04 -4.610308594838741225e-04 -5.050275234634721278e-04 1.710600335593174537e-01 -7.344734910213003565e-02 1.705642939285424708e-01 -7.211703244598642593e-02 1.630633578549532670e-01 1.710600335593174537e-01 -7.344734910213003565e-02
1.708771501763769463e-01 -7.367580881321911246e-02 -1.828833829405200368e-04 -2.284597110890797928e-04 1.899811646554616651e-04 3.081876121488469344e-04 1.710671313410324079e-01 -7.336762120107026552e-02 1.725258323253906489e-01 -7.158503904604783530e-02 1.601451651479985916e-01 1.710671313410324079e-01 -7.336762120107026552e-02
1.705980268699165137e-01 -7.395357359142541720e-02 -4.691044711158894910e-04 -5.859523903551508081e-04 4.762689015300747286e-04 6.656736590366779671e-04 1.710742957714465884e-01 -7.328789993238873923e-02 1.701067132837204010e-01 -7.263964396693869952e-02 1.589587384309408546e-01 1.710742957714465884e-01 -7.328789993238873923e-02
1.722200916635581724e-01 -7.185684122026163301e-02 1.145795892111574300e-03 1.431058712127099720e-03 -1.138567176406340975e-03 -1.351344155545095016e-03 1.710815244871518315e-01 -7.320818537580672802e-02 1.712943177266426920e-01 -7.464747880415910364e-02 1.667967964329019059e-01 1.710815244871518315e-01 -7.320818537580672802e-02
1.715329417989516492e-01 -7.264443624540818656e-02 4.514173117998075625e-04 5.637491303985350680e-04 -4.441265660309057228e-04 -4.840413656305858625e-04 1.710888152329207434e-01 -7.312847761103877242e-02 1.709506379361480921e-01 -7.368019556117384739e-02 1.636730548453781964e-01 1.710888152329207434e-01 -7.312847761103877242e-02
1.714433814180239546e-01 -7.268572358121037913e-02 3.545661851032240420e-04 4.427540298283904729e-04 -3.472155624621997561e-04 -3.630531365822337042e-04 1.710961658555617548e-01 -7.304877671779261283e-02 1.702059665293317869e-01 -7.479725080886938382e-02 1.633858003069576514e-01 1.710961658555617548e-01 -7.304877671779261283e-02
1.716749684029814094e-01 -7.232608475692829664e-02 5.788025474196506308e-04 7.226919608643106669e-04 -5.713941047933157602e-04 -6.429980188408790376e-04 1.711035742981880936e-01 -7.296908277576917567e-02 1.716590336189847965e-01 -7.307541210134593790e-02 1.646225972595877773e-01 1.711035742981880936e-01 -7.296908277576917567e-02
1.712639438767838695e-01 -7.276886510384089624e-02 1.603695785957792480e-04 2.002176719282762138e-04 -1.529052819145282349e-04 -1.205307608214828408e-04 1.711110385948693413e-01 -7.288939586466237908e-02 1.724059954314602072e-01 -7.314686231078043610e-02 1.628093599669988012e-01 1.711110385948693413e-01 -7.288939586466237908e-02
1.705700191753573014e-01 -7.356478014678952126e-02 -5.410194195120421887e-04 -6.753842821271421881e-04 5.485376902774619090e-04 7.550640826304022557e-04 1.711185568656347633e-01 -7.280971606415911901e-02 1.705395601511217607e-01 -7.173613834729800076e-02 1.596536011009188349e-01 1.711185568656347633e-01 -7.280971606415911901e-02
1.699347431698792210e-01 -7.428739191917951845e-02 -1.183813695755532970e-03 -1.477675855020397708e-03 1.191384141923795825e-03 1.557348465240318558e-03 1.711261273118030168e-01 -7.273004345393919989e-02 1.706829347341404790e-01 -7.343981275290112354e-02 1.567763078087620332e-01 1.711261273118030168e-01 -7.273004345393919989e-02
1.722175512257665964e-01 -7.136782409170626396e-02 1.091423913963581469e-03 1.362219362232929215e-03 -1.083803014153977839e-03 -1.282554021968959623e-03 1.711337482116126185e-01 -7.265037811367522358e-02 1.719580404279265895e-01 -7.210419733035210166e-02 1.677459242555080221e-01 1.711337482116126185e-01 -7.265037811367522358e-02
1.711516703533559891e-01 -7.262801144511649154e-02 1.792214174338196381e-05 2.236666855873783617e-05 -1.025243722424518111e-05 5.729132208398546311e-05 1.711414179161317439e-01 -7.257072012303250608e-02 1.706068682123243474e-01 -7.181271704734569494e-02 1.628250298249077077e-01 1.711414179161317439e-01 -7.257072012303250608e-02
1.709157775098982257e-01 -7.285228995486525694e-02 -2.256404062335087607e-04 -2.815698318327492888e-04 2.333573355276508110e-04 3.612203931961932568e-04 1.711491348454258765e-01 -7.249106956166906368e-02 1.717596879733925552e-01 -7.299065614069501218e-02 1.618425170085956710e-01 1.711491348454258765e-01 -7.249106956166906368e-02
1.703391336558814084e-01 -7.350174753747443224e-02 -8.100011895444773078e-04 -1.010677975805372893e-03 8.177638290835509416e-04 1.090321028239013557e-03 1.711568974849649594e-01 -7.241142650923541868e-02 1.731538099527841768e-01 -7.045035616390596389e-02 1.592432828293428582e-01 1.711568974849649594e-01 -7.241142650923541868e-02
1.714032590691497437e-01 -7.210405891928819977e-02 2.463615841847890931e-04 3.073675899472211336e-04 -2.385546868967081124e-04 -2.277321260864412222e-04 1.711647043822530356e-01 -7.233179104537464099e-02 1.704678997218137537e-01 -7.162187465406268105e-02 1.644283587547867298e-01 1.711647043822530356e-01 -7.233179104537464099e-02
1.708060988252190493e-01 -7.277915406252630226e-02 -3.586055570339902903e-04 -4.473630171516664185e-04 3.664553184447583156e-04 5.269908128041206341e-04 1.711725541436638076e-01 -7.225216324972218163e-02 1.726856304301632450e-01 -7.165235881273329666e-02 1.617316612285639721e-01 1.711725541436638076e-01 -7.225216324972218163e-02
1.722923387023028718e-01 -7.085535896571787395e-02 1.119784558639063581e-03 1.396804284004307672e-03 -1.111893270834662939e-03 -1.317184236187943225e-03 1.711804454314682089e-01 -7.217254320190581718e-02 1.727777484888804171e-01 -7.101241859424582692e-02 1.689182691827193217e-01 1.711804454314682089e-01 -7.217254320190581718e-02
1.705780701605128236e-01 -7.292386550103707732e-02 -6.023752709553777552e-04 -7.513222991312632848e-04 6.103068005272604957e-04 8.309345194914691257e-04 1.711883769610400841e-01 -7.209293098154560819e-02 1.701351334555244732e-01 -7.341880648771850759e-02 1.609223260224676710e-01 1.711883769610400841e-01 -7.209293098154560819e-02
1.725509695413073863e-01 -7.039357930805853480e-02 1.362592580267310040e-03 1.699351673487069052e-03 -1.354622043079317661e-03 -1.619747360195211705e-03 1.711963474982280686e-01 -7.201332666825374651e-02 1.713349422653063503e-01 -7.218999585777401140e-02 1.704164102630038313e-01 1.711963474982280686e-01 -7.201332666825374651e-02
1.704035122727599050e-01 -7.300201252073747205e-02 -7.928352254681663618e-04 -9.886858524837296557e-04 8.008435841216909878e-04 1.068282179102916785e-03 1.712043558568815960e-01 -7.193373034163455526e-02 1.706443771289399558e-01 -7.146354315626959885e-02 1.603662948043163561e-01 1.712043558568815960e-01 -7.193373034163455526e-02
1.714613053067669257e-01 -7.161333864587712816e-02 2.569494498853238415e-04 3.203916957574272058e-04 -2.489044102453041862e-04 -2.408034354072358108e-04 1.712124008965216215e-01 -7.185414208128436397e-02 1.718684849972280937e-01 -7.095552281868285072e-02 1.655190513308774092e-01 1.712124008965216215e-01 -7.185414208128436397e-02
1.712449121045359623e-01 -7.181360757571000897e-02 3.251120801433203793e-05 4.053450557434820986e-05 -2.443058439083323208e-05 3.904560891861141858e-05 1.712204815201451291e-01 -7.177456196679139755e-02 1.702490862586607256e-01 -7.120566105764737641e-02 1.646282256000910771e-01 1.712204815201451291e-01 -7.177456196679139755e-02
1.715764932520131292e-01 -7.133073433752645798e-02 3.560117318679924692e-04 4.438276292649410894e-04 -3.478965798578426138e-04 -3.642557402093321572e-04 1.712285966721552866e-01 -7.169499007773579013e-02 1.715156733938532352e-01 -7.092870974497171577e-02 1.663360876461513482e-01 1.712285966721552866e-01 -7.169499007773579013e-02
1.711500213350366784e-01 -7.179293785073384560e-02 -7.857533711861007194e-05 -9.794777299805651721e-05 8.672400137213487348e-05 1.775113570444408762e-04 1.712367453364088132e-01 -7.161542649368940472e-02 1.723469259889648664e-01 -7.357493073058617161e-02 1.644488773565569995e-01 1.712367453364088132e-01 -7.161542649368940472e-02
1.720235017324861504e-01 -7.063479255438326332e-02 7.867563960773393296e-04 9.806339393061472547e-04 -7.785751981133348654e-04 -9.010787398325559305e-04 1.712449265343728155e-01 -7.153587129421581925e-02 1.719978262023595661e-01 -7.068014995823820867e-02 1.687260297207416604e-01 1.712449265343728155e-01 -7.153587129421581925e-02
1.712855893433305188e-01 -7.148519295500252446e-02 4.066280895771706157e-05 5.067833921329457057e-05 -3.245001994683915925e-05 2.886839613226721557e-05 1.712531393233836796e-01 -7.145632455887025725e-02 1.708805563984428511e-01 -7.315164312284243298e-02 1.653619359175210191e-01 1.712531393233836796e-01 -7.145632455887025725e-02
1.712333428321179130e-01 -7.148099469900678904e-02 -1.979649126577684957e-05 -2.467014013652941108e-05 2.803996288433530104e-05 1.042083318073816489e-04 1.712613827950022483e-01 -7.137678636719940739e-02 1.716242738724997885e-01 -7.164259751952944955e-02 1.652491372178057361e-01 1.712613827950022483e-01 -7.137678636719940739e-02
1.718772604316554653e-01 -7.060936080826780981e-02 6.158776366532112958e-04 7.674255589316044150e-04 -6.076043581969559071e-04 -6.878959904736692277e-04 1.712696560734585094e-01 -7.129725679874147903e-02 1.707021759800448069e-01 -7.070010544002423847e-02 1.684369401800684396e-01 1.712696560734585094e-01 -7.129725679874147903e-02
1.716342180748957891e-01 -7.084303111234853401e-02 3.645620014372912281e-04 4.542256863929382510e-04 -3.562597607157103052e-04 -3.747048206774877821e-04 1.712779583141800788e-01 -7.121773593302602179e-02 1.720309274898058904e-01 -7.236232989077097388e-02 1.674192601727664265e-01 1.712779583141800788e-01 -7.121773593302602179e-02
1.715247773271847687e-01 -7.091024139850229946e-02 2.468190130046845243e-04 3.074945345237204320e-04 -2.384886247847883833e-04 -2.279824510715983132e-04 1.712862887023999803e-01 -7.113822384957389777e-02 1.700817312078717614e-01 -7.052141147419639655e-02 1.670349687266786953e-01 1.712862887023999803e-01 -7.113822384957389777e-02
1.709098215093779738e-01 -7.160719319865689603e-02 -3.764671930220058350e-04 -4.689693490830002605e-04 3.848249424600325153e-04 5.484725707597115640e-04 1.712946464518380063e-01 -7.105872062789718446e-02 1.712361788601008128e-01 -7.126985785976154564e-02 1.642542080820797168e-01 1.712946464518380063e-01 -7.105872062789718446e-02
1.705619847301531600e-01 -7.197131837496592577e-02 -7.326617216848404796e-04 -9.125977470687362094e-04 7.410460732983070731e-04 9.920920274668065808e-04 1.713030308034514670e-01 -7.097922634749911919e-02 1.698939833237468611e-01 -7.109633579934646064e-02 1.627398650288982007e-01 1.713030308034514670e-01 -7.097922634749911919e-02
1.710289832718898395e-01 -7.132054528488009082e-02 -2.740475315616397304e-04 -3.413189373809781915e-04 2.824577523614923980e-04 4.208041970061721093e-04 1.713114410242513319e-01 -7.089974108787391871e-02 1.708986652824021901e-01 -7.055436607643825186e-02 1.650879896959338844e-01 1.713114410242513319e-01 -7.089974108787391871e-02
1.708728201095516264e-01 -7.144597977997402261e-02 -4.386209146997155188e-04 -5.462386921001098584e-04 4.470562966277236150e-04 6.257148514671184714e-04 1.713198764061793500e-01 -7.082026492850690413e-02 1.711689744906498556e-01 -6.898209426230188235e-02 1.644821037241760986e-01 1.713198764061793500e-01 -7.082026492850690413e-02
1.705967264706762243e-01 -7.172075751288996270e-02 -7.231499355031210116e-04 -9.004925843830520645e-04 7.316097943667332348e-04 9.799595640157809928e-04 1.713283362650429575e-01 -7.074079794887418171e-02 1.728492245844963637e-01 -7.250285113897929345e-02 1.633077720456772297e-01 1.713283362650429575e-01 -7.074079794887418171e-02
1.713971740103099606e-01 -7.065508683805087065e-02 6.883774526700520494e-05 8.571111082331197325e-05 -6.035407080590138307e-05 -6.253390391869340093e-06 1.713368199395040592e-01 -7.066134022844273999e-02 1.727547738112049647e-01 -6.992493014209398561e-02 1.672356604090355914e-01 1.713368199395040592e-01 -7.066134022844273999e-02
1.716825830226397231e-01 -7.023086532361853818e-02 3.457630831356679085e-04 4.304749048242065800e-04 -3.372562325205663569e-04 -3.510265230517450874e-04 1.713453267901191568e-01 -7.058189184667028326e-02 1.703500241197666021e-01 -7.265846089667168939e-02 1.687222338281634815e-01 1.713453267901191568e-01 -7.058189184667028326e-02
1.710365327376133504e-01 -7.096630381901727902e-02 -3.087940525058074665e-04 -3.844119723469899014e-04 3.173234608137287527e-04 4.638509360120751657e-04 1.713538561984270792e-01 -7.050245288300520385e-02 1.716928740275236454e-01 -7.240294112108967839e-02 1.657944394044705838e-01 1.713538561984270792e-01 -7.050245288300520385e-02
1.707921832927555561e-01 -7.120160269562691990e-02 -5.616729056715223005e-04 -6.991498126217118208e-04 5.702242733266749131e-04 7.785792787404627324e-04 1.713624075660822310e-01 -7.042302341688645717e-02 1.710149764760554580e-01 -6.997371106626408543e-02 1.647704124183408114e-01 1.713624075660822310e-01 -7.042302341688645717e-02
1.717701097739857963e-01 -6.991557878984591690e-02 4.077022079035538772e-04 5.074446270405336612e-04 -3.991294599554884304e-04 -4.280247378975754469e-04 1.713709803140303078e-01 -7.034360352774349234e-02 1.724185977258083369e-01 -6.933410644393209199e-02 1.695381902981761280e-01 1.713709803140303078e-01 -7.034360352774349234e-02
1.708574516197809978e-01 -7.098270403993449384e-02 -5.135286942493192406e-04 -6.391005121909961893e-04 5.221222619433696366e-04 7.185107449383110190e-04 1.713795738817243675e-01 -7.026419329499618283e-02 1.706021280305300425e-01 -6.928568103274332368e-02 1.653473093130839733e-01 1.713795738817243675e-01 -7.026419329499618283e-02
1.714408304476948419e-01 -7.018796503922908325e-02 6.125656597048046738e-05 7.622825576710553618e-05 -5.264272131635938656e-05 3.172241174312362411e-06 1.713881877263784825e-01 -7.018479279805477089e-02 1.717996921211172312e-01 -7.007282428918489015e-02 1.682450840048288765e-01 1.713881877263784825e-01 -7.018479279805477089e-02
1.722882619982369634e-01 -6.906483772905432084e-02 9.000742718584777346e-04 1.119955069000455258e-03 -8.914406759792103951e-04 -1.040564387265421886e-03 1.713968213222577530e-01 -7.010540211631974272e-02 1.706516348865254329e-01 -7.308383372106380671e-02 1.723935603128951000e-01 1.713968213222577530e-01 -7.010540211631974272e-02
1.720563675713724650e-01 -6.928481167614154723e-02 6.595462491147164891e-04 8.205904401781910452e-04 -6.508934113708675362e-04 -7.412096530402395578e-04 1.714054741600015974e-01 -7.002602132918178679e-02 1.694318124720830820e-01 -6.980581473120289759e-02 1.714281504774275988e-01 1.714054741600015974e-01 -7.002602132918178679e-02
1.718943026735087198e-01 -6.941789094145003891e-02 4.888285135071226365e-04 6.081303877317472285e-04 -4.801569275294237382e-04 -5.287595745716300311e-04 1.714141457459792961e-01 -6.994665051602166894e-02 1.726651671008502531e-01 -6.879718471473091068e-02 1.707935823696409283e-01 1.714141457459792961e-01 -6.994665051602166894e-02
1.715694847054873573e-01 -6.975341828292211388e-02 1.553389595080648350e-04 1.932322330995512672e-04 -1.466491038116246592e-04 -1.138714732880630187e-04 1.714228356016757326e-01 -6.986728975621017690e-02 1.723176198080840216e-01 -7.041442819959513322e-02 1.693880277401632328e-01 1.714228356016757326e-01 -6.986728975621017690e-02
1.710958512728196212e-01 -7.027400004199359229e-02 -3.269843288561017454e-04 -4.067102857834189707e-04 3.356919902859911709e-04 4.860609128854859184e-04 1.714315432631056124e-01 -6.978793912910810637e-02 1.716223679361059407e-01 -7.019473987010378668e-02 1.672776188893686511e-01 1.714315432631056124e-01 -6.978793912910810637e-02
1.708091409127321103e-01 -7.056202386945373273e-02 -6.224023503735138206e-04 -7.740847403456318837e-04 6.311273675226047875e-04 8.534251553876798235e-04 1.714402682802547151e-01 -6.970859871406605290e-02 1.706600349070589717e-01 -6.782469864924832448e-02 1.660527554951140294e-01 1.714402682802547151e-01 -6.970859871406605290e-02
1.708853216447449586e-01 -7.039872345882323967e-02 -5.549466355097617404e-04 -6.901247447571882878e-04 5.636885718018347369e-04 7.694548683988139404e-04 1.714490102165467933e-01 -6.962926859042442573e-02 1.713738147304366688e-01 -7.110178887688382854e-02 1.665467842797601628e-01 1.714490102165467933e-01 -6.962926859042442573e-02
1.704115732312194154e-01 -7.091929091855804501e-02 -1.037436985327380538e-03 -1.290022328133613207e-03 1.046195417115314275e-03 1.369342081044708226e-03 1.714577686483347296e-01 -6.954994883751333679e-02 1.714076320598791059e-01 -6.986539690531973212e-02 1.644360996324573665e-01 1.714577686483347296e-01 -6.954994883751333679e-02
1.714983837063959737e-01 -6.949944995922194280e-02 4.061505806125346736e-05 5.049887829138932047e-05 -3.184054198146490933e-05 2.881042456941151908e-05 1.714665431644145088e-01 -6.947063953465253128e-02 1.716634029229271718e-01 -7.077769894160040876e-02 1.697164406915695756e-01 1.714665431644145088e-01 -6.947063953465253128e-02
1.714972349613760050e-01 -6.943248236518752281e-02 3.069179696148739895e-05 3.815716946501256660e-05 -2.190159581494377505e-05 4.114160403619060435e-05 1.714753333655610612e-01 -6.939134076115133221e-02 1.733710585356097178e-01 -7.010393135917367124e-02 1.698438495474499377e-01 1.714753333655610612e-01 -6.939134076115133221e-02
1.707776824100368240e-01 -7.025860459816678227e-02 -6.976509555242387970e-04 -8.672638370154469234e-04 7.064564540479045807e-04 9.465520018582945783e-04 1.714841388640847286e-01 -6.931205259630848770e-02 1.719664671569149927e-01 -6.919419623393838203e-02 1.665691226841179151e-01 1.714841388640847286e-01 -6.931205259630848770e-02
1.727303470079797898e-01 -6.776301175747331818e-02 1.246208143895071157e-03 1.549040838835165400e-03 -1.237387724572491798e-03 -1.469763361938825064e-03 1.714929592834072980e-01 -6.923277511941214324e-02 1.706154501722058625e-01 -6.884812651970736996e-02 1.759486102253446371e-01 1.714929592834072980e-01 -6.923277511941214324e-02
1.717299999579644243e-01 -6.893816041184028243e-02 2.370406745571366775e-04 2.946147075718598364e-04 -2.282057003079873692e-04 -2.153479978995037625e-04 1.715017942576564369e-01 -6.915350840973978619e-02 1.713141526005430293e-01 -6.974390476866440536e-02 1.713442006510792759e-01 1.715017942576564369e-01 -6.915350840973978619e-02
1.724741074057127843e-01 -6.794514656762268290e-02 9.723131480563399062e-04 1.208361842117104158e-03 -9.634639744346140677e-04 -1.129105978935424082e-03 1.715106434312781702e-01 -6.907425254655810698e-02 1.704422204175267408e-01 -7.025405759322557453e-02 1.750000493045532068e-01 1.715106434312781702e-01 -6.907425254655810698e-02
1.725301815873660771e-01 -6.780731953985832949e-02 1.019538156087915117e-03 1.266933006699771849e-03 -1.010675128700622150e-03 -1.187688069264655755e-03 1.715195064586654550e-01 -6.899500760912298525e-02 1.718419395432660146e-01 -6.782394317330914246e-02 1.753978700579050531e-01 1.715195064586654550e-01 -6.899500760912298525e-02
1.715712026832107440e-01 -6.893077310960699089e-02 5.169622454529160911e-05 6.423449951600047100e-05 -4.281967940741870926e-05 1.499943292765371083e-05 1.715283830038033253e-01 -6.891577367667933718e-02 1.706158734035417568e-01 -6.783935056733442215e-02 1.709898515279340836e-01 1.715283830038033253e-01 -6.891577367667933718e-02
1.710504356589654384e-01 -6.950958564880965751e-02 -4.779473448378995511e-04 -5.938119721303220661e-04 4.868370809633093543e-04 6.730348203485697622e-04 1.715372727399287478e-01 -6.883655082846108775e-02 1.713065985276356618e-01 -6.835552485282583857e-02 1.686568124820874426e-01 1.715372727399287478e-01 -6.883655082846108775e-02
1.708622841014019178e-01 -6.967509272232381978e-02 -6.749886385268413823e-04 -8.385418938627281320e-04 6.838912478029368636e-04 9.177535786327462031e-04 1.715461753492048547e-01 -6.875733914369107358e-02 1.707324387277075195e-01 -6.781988952279995042e-02 1.678985636141195892e-01 1.715461753492048547e-01 -6.875733914369107358e-02
1.718668586794480091e-01 -6.835898978634821765e-02 3.206833302431610433e-04 3.983493573428564674e-04 -3.117681570389829737e-04 -3.191489152327697809e-04 1.715550905224090261e-01 -6.867813870158098744e-02 1.709776913880686755e-01 -6.772268451116777999e-02 1.727864951612892996e-01 1.715550905224090261e-01 -6.867813870158098744e-02
1.716121190869006607e-01 -6.860730504906271954e-02 5.702856449162408862e-05 7.083365251827051341e-05 -4.810112826675316811e-05 8.355467731466226233e-06 1.715640179586339076e-01 -6.859894958133125331e-02 1.734973289775651462e-01 -6.809072628001550109e-02 1.717128359880062960e-01 1.715640179586339076e-01 -6.859894958133125331e-02
1.718374002666774314e-01 -6.825942041197606558e-02 2.733823080435306987e-04 3.395291693551923400e-04 -2.644429016768201635e-04 -2.603514501549053506e-04 1.715729573650006112e-01 -6.851977186213097093e-02 1.714102399008332056e-01 -6.863307862965085937e-02 1.729113553664554381e-01 1.715729573650006112e-01 -6.851977186213097093e-02
1.712858955887297252e-01 -6.887625711501356440e-02 -2.870617762708823403e-04 -3.564852528825937983e-04 2.960128676542383985e-04 4.356514918556764204e-04 1.715819084563839636e-01 -6.844060562315788798e-02 1.712682465250709440e-01 -6.946306112450713333e-02 1.704330706592574185e-01 1.715819084563839636e-01 -6.844060562315788798e-02
1.713893104904004316e-01 -6.867975950783132555e-02 -1.925979659835362699e-04 -2.391538846734314410e-04 2.015604647484792178e-04 3.183085642531058301e-04 1.715908709551489109e-01 -6.836145094357821972e-02 1.716570687063328771e-01 -6.711118031596409461e-02 1.710546698148092959e-01 1.715908709551489109e-01 -6.836145094357821972e-02
1.720881257672045583e-01 -6.774405423812768223e-02 4.972548120556462845e-04 6.173967054505323905e-04 -4.882811763071703837e-04 -5.382536644189528374e-04 1.715998445908973880e-01 -6.828230790254663507e-02 1.703179899682142340e-01 -6.797007730973454731e-02 1.744940321277630157e-01 1.715998445908973880e-01 -6.828230790254663507e-02
1.720450831668653424e-01 -6.772954651963387918e-02 4.452385759679609693e-04 5.527613829127586047e-04 -4.362540666396630407e-04 -4.736300595722803264e-04 1.716088291002256794e-01 -6.820317657920615950e-02 1.735499444934891500e-01 -6.735927712269855483e-02 1.744221944736732977e-01 1.716088291002256794e-01 -6.820317657920615950e-02
